prim_track,nsegsum,shower_max,max_pid,shower_start
130402.0,4,1,1,10000
130496.0,4,1,1,10000
130497.0,4,1,3,10000
130505.0,4,1,1,10000
130584.0,3,1,1,10000
130591.0,8,2,2,2
130592.0,8,2,1,1
130595.0,3,1,1,10000
130605.0,2,1,2,10000
130619.0,4,1,1,10000
130620.0,4,1,1,10000
130632.0,10,2,3,3
130633.0,9,2,8,8
130702.0,2,1,1,10000
130714.0,4,1,1,10000
130720.0,4,1,2,10000
130722.0,4,1,2,10000
130753.0,3,1,3,10000
130754.0,4,1,1,10000
130827.0,3,1,1,10000
130843.0,3,1,1,10000
130849.0,8,2,9,9
130851.0,3,1,1,10000
130902.0,3,1,1,10000
130903.0,3,1,3,10000
130905.0,2,1,1,10000
130908.0,3,1,1,10000
130918.0,3,1,1,10000
130920.0,4,1,1,10000
130948.0,9,2,4,4
130949.0,9,2,4,4
130976.0,2,1,1,10000
131026.0,10,2,11,11
131028.0,10,2,12,12
131037.0,3,1,1,10000
131050.0,8,2,1,1
131051.0,11,3,1,1
131052.0,11,3,44,29
131053.0,8,2,1,1
131056.0,4,1,1,10000
131058.0,4,1,1,10000
131079.0,4,1,1,10000
131080.0,4,1,1,10000
131081.0,2,1,1,10000
131082.0,9,2,15,15
131083.0,3,1,1,10000
131139.0,4,1,1,10000
131140.0,4,1,1,10000
131164.0,4,1,1,10000
131166.0,4,1,1,10000
131186.0,3,1,1,10000
131187.0,3,1,1,10000
131202.0,4,1,1,10000
131203.0,4,1,1,10000
131282.0,4,1,1,10000
131292.0,4,1,1,10000
131300.0,4,1,2,10000
131313.0,56,11,10,4
131324.0,4,1,1,10000
131325.0,4,1,3,10000
131355.0,3,1,1,10000
131356.0,4,1,1,10000
131357.0,4,1,2,10000
131358.0,4,1,1,10000
131411.0,3,1,1,10000
131419.0,48,10,11,3
131420.0,8,2,1,1
131422.0,4,1,1,10000
131434.0,4,1,3,10000
131435.0,4,1,1,10000
131466.0,4,1,1,10000
131467.0,4,1,3,10000
131468.0,3,1,1,10000
131469.0,4,1,1,10000
131526.0,4,1,1,10000
131535.0,3,1,1,10000
131536.0,4,1,1,10000
131537.0,4,1,1,10000
131538.0,3,1,1,10000
131544.0,4,1,1,10000
131561.0,4,1,1,10000
131562.0,8,2,6,6
131563.0,10,2,4,4
131566.0,4,1,1,10000
131580.0,4,1,1,10000
131581.0,3,1,1,10000
131596.0,7,2,1,1
131597.0,7,2,6,6
131598.0,8,2,28,28
131599.0,4,1,3,10000
131658.0,4,1,1,10000
131659.0,7,2,3,3
131660.0,10,2,6,6
131661.0,4,1,1,10000
131670.0,2,1,1,10000
131693.0,4,1,1,10000
131740.0,8,2,15,15
131742.0,8,2,20,20
131752.0,4,1,1,10000
131765.0,4,1,1,10000
131767.0,8,2,31,31
131769.0,3,1,1,10000
131793.0,4,1,1,10000
131796.0,4,1,2,10000
131840.0,3,1,1,10000
131843.0,7,2,1,1
131844.0,7,2,1,1
131845.0,7,2,1,1
131846.0,7,2,1,1
131854.0,4,1,1,10000
131855.0,4,1,1,10000
131857.0,4,1,1,10000
131882.0,4,1,2,10000
131883.0,2,1,1,10000
131884.0,4,1,1,10000
131936.0,4,1,1,10000
131938.0,5,2,28,28
131946.0,4,1,1,10000
131947.0,4,1,1,10000
131948.0,4,1,1,10000
131949.0,4,1,1,10000
131950.0,4,1,1,10000
131954.0,4,1,1,10000
131955.0,4,1,1,10000
131979.0,4,1,1,10000
132025.0,3,1,1,10000
132032.0,4,1,1,10000
132033.0,4,1,1,10000
132034.0,4,1,1,10000
132035.0,4,1,1,10000
132047.0,4,1,1,10000
132048.0,8,2,15,15
132049.0,4,1,1,10000
132052.0,4,1,1,10000
132076.0,7,2,10,10
132077.0,6,2,10,10
132078.0,7,2,13,13
132079.0,7,2,13,13
132092.0,4,1,1,10000
132093.0,3,1,1,10000
132094.0,4,1,1,10000
132096.0,4,1,2,10000
132097.0,4,1,1,10000
132116.0,4,1,1,10000
132117.0,4,1,1,10000
132163.0,2,1,1,10000
132177.0,4,1,1,10000
132178.0,4,1,1,10000
132194.0,4,1,1,10000
132195.0,3,1,1,10000
132196.0,3,1,1,10000
132197.0,4,1,1,10000
132198.0,4,1,1,10000
132229.0,14,3,12,9
132230.0,4,1,1,10000
132231.0,4,1,1,10000
132232.0,3,1,1,10000
132233.0,3,1,1,10000
132297.0,4,2,31,31
132298.0,6,2,5,5
132317.0,3,1,1,10000
132318.0,4,1,1,10000
132330.0,4,1,1,10000
132331.0,2,1,2,10000
132340.0,3,1,1,10000
132344.0,2,1,1,10000
132345.0,5,2,41,41
132408.0,4,1,1,10000
132409.0,15,3,7,1
132410.0,4,1,1,10000
132411.0,15,3,9,1
132444.0,4,1,1,10000
132445.0,4,1,1,10000
132448.0,4,1,1,10000
132449.0,4,1,1,10000
132450.0,6,2,30,30
132451.0,6,2,26,26
132452.0,11,3,14,1
132453.0,4,1,1,10000
132454.0,4,1,1,10000
132455.0,8,2,30,30
132477.0,6,2,30,30
132478.0,4,1,1,10000
132481.0,11,3,14,1
132482.0,4,1,2,10000
132483.0,4,1,1,10000
132524.0,2,1,1,10000
132532.0,12,3,17,1
132533.0,5,2,1,1
132534.0,7,2,2,2
132542.0,4,1,1,10000
132557.0,13,3,18,13
132558.0,2,1,2,10000
132562.0,4,1,1,10000
132626.0,12,3,17,1
132627.0,4,1,5,10000
132634.0,3,1,1,10000
132635.0,4,1,1,10000
132641.0,4,1,1,10000
132657.0,4,1,1,10000
132658.0,4,1,1,10000
132659.0,4,1,1,10000
132674.0,4,1,1,10000
132675.0,4,1,1,10000
132676.0,5,2,27,27
132677.0,10,2,9,9
132680.0,4,1,3,10000
132696.0,4,1,1,10000
132698.0,10,2,23,23
132699.0,4,1,1,10000
132700.0,4,1,1,10000
132718.0,4,1,1,10000
132793.0,2,1,1,10000
132808.0,4,1,1,10000
132809.0,4,1,2,10000
132811.0,6,2,2,2
132812.0,4,1,1,10000
132816.0,4,1,1,10000
132817.0,4,1,1,10000
132819.0,4,1,1,10000
132821.0,6,2,1,1
132846.0,8,2,21,21
132848.0,4,1,1,10000
132849.0,4,1,1,10000
132913.0,3,1,1,10000
132924.0,4,1,1,10000
132925.0,3,1,1,10000
132928.0,8,2,10,10
132941.0,10,2,23,23
132942.0,3,1,1,10000
132943.0,4,1,1,10000
132944.0,7,2,17,17
132945.0,8,2,51,51
132946.0,3,1,1,10000
132960.0,6,2,1,1
132961.0,6,2,1,1
132970.0,8,2,1,1
132971.0,4,1,1,10000
132972.0,4,1,1,10000
132974.0,4,1,1,10000
132977.0,3,1,1,10000
132978.0,4,1,1,10000
133033.0,4,1,1,10000
133034.0,4,1,1,10000
133035.0,4,1,1,10000
133038.0,4,1,1,10000
133040.0,3,1,1,10000
133062.0,4,1,1,10000
133063.0,4,1,1,10000
133064.0,8,2,1,1
133065.0,4,1,1,10000
133066.0,4,1,1,10000
133101.0,2,1,1,10000
133110.0,3,1,1,10000
133111.0,2,1,1,10000
133112.0,4,1,1,10000
133119.0,4,1,1,10000
133120.0,4,1,1,10000
133121.0,7,2,52,52
133145.0,4,1,1,10000
133146.0,3,1,1,10000
133147.0,4,1,1,10000
133149.0,11,2,26,26
133197.0,3,1,1,10000
133206.0,4,1,1,10000
133207.0,6,2,31,31
133208.0,4,1,3,10000
133209.0,4,1,1,10000
133217.0,4,1,1,10000
133218.0,4,1,1,10000
133219.0,4,1,2,10000
133220.0,3,1,1,10000
133237.0,4,1,1,10000
133238.0,4,1,1,10000
133250.0,4,1,1,10000
133313.0,2,1,1,10000
133328.0,14,3,36,1
133329.0,7,2,14,14
133330.0,4,1,1,10000
133331.0,4,1,1,10000
133340.0,4,1,1,10000
133341.0,5,2,57,57
133356.0,4,1,1,10000
133358.0,4,1,1,10000
133359.0,4,1,1,10000
133360.0,4,1,1,10000
133362.0,3,1,1,10000
133385.0,2,1,1,10000
133389.0,3,1,1,10000
133449.0,3,1,1,10000
133450.0,4,1,1,10000
133451.0,4,1,1,10000
133452.0,4,1,1,10000
133493.0,7,2,5,5
133494.0,8,2,18,18
133495.0,4,1,1,10000
133497.0,8,2,1,1
133498.0,3,1,1,10000
133573.0,8,2,1,1
133574.0,9,2,21,21
133575.0,3,1,1,10000
143694.0,4,1,3,10000
143718.0,4,1,1,10000
143733.0,4,1,1,10000
143745.0,3,1,1,10000
143746.0,4,1,1,10000
143910.0,4,1,1,10000
143911.0,4,1,1,10000
143912.0,4,1,1,10000
143913.0,4,1,1,10000
143936.0,4,1,1,10000
143938.0,3,1,2,10000
143970.0,4,1,1,10000
143980.0,4,1,1,10000
143995.0,3,1,4,10000
143996.0,4,1,1,10000
143998.0,4,1,1,10000
143999.0,4,1,2,10000
144023.0,4,1,4,10000
144043.0,4,1,3,10000
144044.0,4,1,1,10000
144060.0,4,1,2,10000
144061.0,4,1,3,10000
144062.0,3,1,3,10000
144081.0,4,1,3,10000
144083.0,4,1,3,10000
144102.0,4,1,3,10000
144127.0,4,1,1,10000
144172.0,3,1,7,10000
144173.0,3,1,1,10000
144194.0,3,1,1,10000
144217.0,5,2,29,29
144237.0,4,1,1,10000
144243.0,4,1,1,10000
144244.0,4,1,1,10000
144245.0,8,2,21,21
144246.0,4,1,1,10000
144247.0,4,1,1,10000
144262.0,4,1,1,10000
144287.0,4,2,18,18
144306.0,4,1,1,10000
144318.0,4,1,1,10000
144333.0,3,1,1,10000
144334.0,4,1,1,10000
144341.0,4,1,1,10000
144354.0,3,1,1,10000
144356.0,3,1,1,10000
144368.0,3,1,1,10000
144374.0,4,1,1,10000
144387.0,3,1,3,10000
144388.0,4,1,2,10000
144405.0,4,1,1,10000
144406.0,4,1,2,10000
144428.0,4,1,1,10000
144462.0,4,1,2,10000
144488.0,4,1,2,10000
144489.0,4,1,1,10000
144497.0,4,1,1,10000
144499.0,4,1,1,10000
144500.0,10,2,9,9
144516.0,4,1,1,10000
144547.0,4,1,2,10000
144549.0,4,1,1,10000
144569.0,8,2,37,37
144570.0,4,1,1,10000
144602.0,4,1,1,10000
144603.0,4,1,1,10000
144605.0,4,1,1,10000
144607.0,2,1,1,10000
144634.0,4,1,1,10000
144635.0,6,2,39,39
144643.0,4,1,1,10000
144651.0,17,4,6,2
144652.0,4,1,1,10000
144653.0,10,2,4,4
144667.0,4,1,1,10000
144676.0,4,1,1,10000
144677.0,4,1,1,10000
144679.0,4,1,1,10000
144703.0,18,3,4,1
144704.0,18,3,4,1
144705.0,4,1,1,10000
144706.0,4,1,1,10000
144707.0,4,1,1,10000
144708.0,4,1,1,10000
144739.0,10,2,4,4
144740.0,6,2,1,1
144741.0,3,1,1,10000
144742.0,4,1,1,10000
144759.0,4,1,1,10000
144761.0,4,1,1,10000
144762.0,4,1,1,10000
144781.0,4,1,1,10000
144797.0,4,1,1,10000
144798.0,4,1,1,10000
144799.0,4,1,1,10000
144800.0,4,1,1,10000
144802.0,4,1,1,10000
144821.0,4,1,1,10000
144822.0,8,2,1,1
144823.0,8,2,1,1
144846.0,3,1,1,10000
144861.0,4,1,1,10000
144862.0,4,1,1,10000
144863.0,3,1,1,10000
144889.0,4,1,1,10000
144894.0,4,1,1,10000
144895.0,4,1,1,10000
144897.0,4,1,1,10000
144898.0,4,1,1,10000
144924.0,8,2,13,13
144929.0,4,1,1,10000
144930.0,4,1,1,10000
144933.0,4,1,1,10000
144936.0,4,1,1,10000
144937.0,4,1,1,10000
144939.0,4,1,1,10000
144948.0,6,2,7,7
144949.0,3,1,1,10000
144951.0,4,1,1,10000
144962.0,4,1,1,10000
144963.0,3,1,1,10000
144964.0,4,1,1,10000
144984.0,8,2,10,10
144986.0,4,1,1,10000
144987.0,10,2,20,20
145009.0,4,1,1,10000
145010.0,8,2,13,13
145011.0,10,2,12,12
145013.0,8,2,11,11
145040.0,8,2,2,2
145041.0,4,1,1,10000
145055.0,9,2,4,4
145057.0,4,1,4,10000
145063.0,4,1,1,10000
145064.0,4,1,1,10000
145070.0,3,1,1,10000
145072.0,4,1,1,10000
145073.0,8,2,1,1
145094.0,4,1,1,10000
145118.0,4,1,1,10000
145135.0,3,1,1,10000
145136.0,6,2,1,1
145137.0,6,2,1,1
145139.0,4,1,2,10000
145163.0,11,3,10,7
145164.0,4,1,1,10000
145165.0,4,1,1,10000
145166.0,3,1,1,10000
145167.0,3,1,1,10000
145186.0,4,1,1,10000
145187.0,4,1,1,10000
145195.0,7,2,2,2
145204.0,4,1,3,10000
145205.0,4,1,1,10000
145208.0,4,1,1,10000
145228.0,8,2,1,1
145239.0,4,1,1,10000
145264.0,4,1,1,10000
145265.0,4,1,1,10000
145281.0,4,1,3,10000
145283.0,4,1,1,10000
145286.0,3,1,1,10000
145301.0,8,2,1,1
145310.0,13,3,11,7
145311.0,4,1,1,10000
145313.0,6,2,27,27
145324.0,4,1,1,10000
145325.0,3,1,1,10000
145327.0,4,1,1,10000
145359.0,4,1,1,10000
145399.0,4,1,1,10000
145400.0,4,1,1,10000
145421.0,3,1,1,10000
145428.0,4,1,1,10000
145429.0,4,1,1,10000
145431.0,4,1,1,10000
145432.0,4,1,1,10000
145433.0,4,1,1,10000
145444.0,4,1,1,10000
145445.0,3,1,1,10000
145446.0,4,1,1,10000
145447.0,2,1,1,10000
145469.0,4,1,1,10000
145471.0,4,1,1,10000
145488.0,4,1,1,10000
145489.0,4,1,1,10000
145490.0,4,1,1,10000
145491.0,3,1,1,10000
145492.0,4,1,1,10000
145508.0,7,2,38,38
145509.0,3,1,1,10000
145533.0,4,1,1,10000
145537.0,4,1,3,10000
145547.0,8,2,1,1
145548.0,8,2,1,1
145549.0,4,1,1,10000
145550.0,4,1,1,10000
145551.0,4,1,2,10000
145576.0,10,2,4,4
145577.0,10,2,4,4
145591.0,2,1,1,10000
145592.0,3,1,1,10000
145593.0,4,1,1,10000
145594.0,4,1,1,10000
145619.0,4,1,1,10000
145620.0,4,1,1,10000
145622.0,4,1,1,10000
145637.0,13,3,9,1
145638.0,4,1,1,10000
145639.0,4,1,1,10000
145640.0,7,2,1,1
145642.0,5,2,1,1
145654.0,4,1,1,10000
145655.0,4,1,1,10000
145663.0,6,2,26,26
145691.0,4,1,1,10000
145692.0,4,1,1,10000
145694.0,4,1,1,10000
145695.0,4,1,1,10000
145696.0,3,1,1,10000
145697.0,4,1,1,10000
145698.0,3,1,1,10000
145702.0,4,1,1,10000
145709.0,3,1,1,10000
145711.0,4,1,2,10000
145719.0,4,1,3,10000
145723.0,4,1,1,10000
145724.0,4,1,1,10000
145725.0,4,1,1,10000
145726.0,3,1,1,10000
145727.0,9,3,40,40
145728.0,2,1,1,10000
145731.0,3,1,1,10000
145733.0,4,1,1,10000
145750.0,4,1,1,10000
145751.0,3,1,1,10000
145768.0,9,2,20,20
145769.0,4,1,1,10000
145770.0,9,2,17,17
145786.0,2,1,1,10000
145787.0,4,1,1,10000
145788.0,4,1,1,10000
145789.0,4,1,1,10000
145790.0,3,1,1,10000
145809.0,4,1,1,10000
145830.0,4,1,1,10000
145831.0,2,1,1,10000
145845.0,14,3,20,1
145846.0,3,1,1,10000
145847.0,14,3,20,1
145860.0,4,1,1,10000
145872.0,4,1,1,10000
145874.0,3,1,1,10000
145889.0,3,1,1,10000
145890.0,4,1,1,10000
145891.0,9,2,7,7
145912.0,4,1,1,10000
145924.0,4,1,1,10000
145927.0,4,1,1,10000
145947.0,2,1,1,10000
145949.0,3,1,1,10000
145953.0,9,2,3,3
145954.0,8,2,2,2
145955.0,7,2,2,2
145956.0,8,2,5,5
145968.0,4,1,1,10000
145973.0,4,1,1,10000
145980.0,4,1,1,10000
145983.0,2,1,1,10000
145993.0,4,1,1,10000
145994.0,4,1,1,10000
145997.0,3,1,1,10000
145998.0,4,1,3,10000
146049.0,4,1,1,10000
146070.0,4,1,1,10000
146090.0,8,2,1,1
146091.0,8,2,1,1
146092.0,11,3,2,1
146093.0,4,1,1,10000
146100.0,3,1,1,10000
146101.0,4,1,1,10000
146103.0,4,1,1,10000
146110.0,9,2,4,4
146112.0,6,2,1,1
146114.0,9,3,1,1
146115.0,7,2,37,37
146139.0,4,1,1,10000
146143.0,4,1,1,10000
146157.0,8,2,14,14
146174.0,4,1,1,10000
146175.0,3,1,1,10000
146176.0,4,1,1,10000
146198.0,4,1,1,10000
146199.0,10,2,12,12
146206.0,4,1,1,10000
146207.0,4,1,1,10000
146213.0,2,1,1,10000
146220.0,4,1,1,10000
146221.0,4,1,1,10000
146225.0,6,2,52,52
146227.0,3,1,1,10000
146232.0,4,1,1,10000
146233.0,4,1,1,10000
146235.0,4,1,1,10000
146249.0,4,1,1,10000
146268.0,9,2,31,31
146269.0,4,1,1,10000
146270.0,8,2,1,1
146271.0,2,1,1,10000
146272.0,8,2,1,1
146273.0,4,1,1,10000
146275.0,7,2,36,36
146301.0,4,1,1,10000
146313.0,4,1,1,10000
146314.0,4,1,1,10000
146315.0,7,2,26,26
146317.0,3,1,1,10000
146325.0,4,1,1,10000
146326.0,4,1,1,10000
146327.0,4,1,1,10000
146348.0,4,1,5,10000
146350.0,4,1,1,10000
146351.0,4,1,1,10000
146377.0,4,1,1,10000
146378.0,9,2,31,31
146379.0,4,1,1,10000
146380.0,4,1,1,10000
146387.0,4,1,1,10000
146388.0,4,1,1,10000
146389.0,4,1,1,10000
146396.0,8,2,1,1
146397.0,3,1,1,10000
146399.0,11,2,5,5
146427.0,4,1,1,10000
146431.0,4,1,1,10000
146432.0,9,2,33,33
146433.0,4,1,1,10000
146459.0,3,1,1,10000
146460.0,3,1,1,10000
146484.0,4,1,1,10000
146486.0,4,1,1,10000
146489.0,4,1,1,10000
146514.0,4,2,1,1
146528.0,4,1,1,10000
146535.0,4,1,1,10000
146536.0,4,1,1,10000
146545.0,4,1,1,10000
146546.0,4,1,1,10000
146547.0,4,1,1,10000
146565.0,7,2,56,56
146567.0,9,2,31,31
146582.0,4,1,1,10000
146583.0,4,1,1,10000
146629.0,4,1,3,10000
146630.0,4,1,1,10000
146631.0,4,1,1,10000
146633.0,4,1,1,10000
146651.0,4,1,1,10000
146655.0,4,1,1,10000
146657.0,4,1,1,10000
146664.0,2,1,1,10000
146665.0,4,1,1,10000
146666.0,3,1,1,10000
146690.0,4,1,1,10000
146703.0,2,1,1,10000
146704.0,4,1,1,10000
146705.0,2,1,1,10000
146716.0,4,1,1,10000
146719.0,2,1,1,10000
146720.0,4,1,4,10000
146740.0,4,1,1,10000
146742.0,3,1,1,10000
146747.0,4,1,1,10000
146748.0,4,1,1,10000
146758.0,4,1,1,10000
146759.0,6,2,51,51
146760.0,9,2,27,27
146761.0,4,1,1,10000
146769.0,4,1,1,10000
146786.0,3,1,1,10000
146787.0,7,2,54,54
146789.0,6,2,33,33
146791.0,4,1,1,10000
146793.0,4,1,1,10000
146794.0,10,3,56,29
146795.0,4,1,1,10000
146816.0,5,2,38,38
146817.0,3,1,1,10000
146818.0,4,1,1,10000
146821.0,7,2,52,52
146831.0,3,1,1,10000
146833.0,8,2,28,28
146834.0,6,2,1,1
146836.0,4,1,1,10000
146838.0,4,1,1,10000
146861.0,4,1,1,10000
146862.0,4,1,1,10000
146867.0,7,2,26,26
146868.0,8,2,1,1
146869.0,6,2,1,1
146870.0,8,2,1,1
146871.0,4,1,1,10000
146878.0,2,1,1,10000
146879.0,4,1,1,10000
146881.0,4,1,1,10000
146882.0,4,1,1,10000
146889.0,4,1,1,10000
146890.0,4,1,1,10000
146891.0,2,1,1,10000
146904.0,7,2,9,9
146909.0,4,1,1,10000
146939.0,4,1,1,10000
146941.0,4,1,1,10000
146954.0,4,1,1,10000
146962.0,4,1,1,10000
146963.0,4,1,1,10000
146964.0,9,2,39,39
146967.0,3,1,1,10000
146989.0,4,1,1,10000
147000.0,11,2,6,6
147001.0,2,1,1,10000
147002.0,4,1,1,10000
147003.0,6,2,34,34
147004.0,4,1,1,10000
147005.0,4,1,1,10000
147006.0,11,2,26,26
147008.0,4,1,1,10000
147020.0,10,2,8,8
147023.0,4,1,1,10000
147024.0,4,1,1,10000
147025.0,4,1,1,10000
147026.0,4,1,2,10000
147027.0,7,2,12,12
147028.0,4,1,1,10000
147050.0,4,1,1,10000
147051.0,4,1,1,10000
147053.0,4,1,1,10000
147081.0,14,3,17,1
147082.0,10,2,5,5
147084.0,16,3,36,24
147107.0,11,3,1,1
147108.0,11,3,2,1
147110.0,4,1,1,10000
147113.0,3,1,1,10000
147114.0,10,3,1,1
147116.0,2,1,1,10000
147119.0,11,3,38,32
147145.0,8,2,9,9
147146.0,4,1,1,10000
147147.0,4,1,1,10000
147148.0,2,1,1,10000
147149.0,3,1,1,10000
147151.0,4,1,1,10000
147152.0,4,1,1,10000
147153.0,9,2,12,12
147154.0,4,1,4,10000
147156.0,3,1,1,10000
147164.0,4,1,1,10000
147165.0,1,1,1,10000
147203.0,4,1,1,10000
147237.0,11,3,1,1
147238.0,4,1,1,10000
147290.0,4,1,1,10000
147293.0,8,2,9,9
147294.0,8,2,1,1
147301.0,4,1,1,10000
157793.0,4,1,3,10000
157794.0,10,2,27,27
157795.0,8,2,3,3
157843.0,4,1,1,10000
157880.0,4,1,3,10000
157956.0,4,1,1,10000
157978.0,10,2,8,8
158018.0,4,1,1,10000
158019.0,4,1,1,10000
158020.0,4,1,1,10000
158021.0,2,1,2,10000
158046.0,3,1,1,10000
158056.0,3,1,1,10000
158060.0,3,1,1,10000
158061.0,4,1,1,10000
158062.0,4,1,1,10000
158073.0,4,1,1,10000
158074.0,4,1,1,10000
158076.0,4,1,1,10000
158078.0,4,1,1,10000
158104.0,4,1,1,10000
158105.0,4,1,3,10000
158115.0,4,1,2,10000
158116.0,4,1,1,10000
158123.0,3,1,1,10000
158127.0,10,2,10,10
158136.0,4,1,1,10000
158176.0,4,1,1,10000
158183.0,4,1,1,10000
158184.0,4,1,1,10000
158186.0,4,1,1,10000
158187.0,8,2,7,7
158188.0,4,1,1,10000
158200.0,4,1,1,10000
158201.0,4,1,1,10000
158211.0,4,1,1,10000
158212.0,4,1,1,10000
158240.0,3,1,1,10000
158252.0,4,1,1,10000
158268.0,4,1,1,10000
158269.0,4,1,1,10000
158275.0,4,1,2,10000
158276.0,3,1,3,10000
158277.0,4,1,1,10000
158278.0,3,1,1,10000
158285.0,2,1,1,10000
158286.0,13,3,29,27
158288.0,4,1,3,10000
158309.0,4,1,1,10000
158310.0,4,1,1,10000
158318.0,4,1,1,10000
158326.0,3,1,2,10000
158334.0,4,1,1,10000
158345.0,4,1,1,10000
158359.0,10,2,25,25
158361.0,4,1,1,10000
158362.0,4,1,1,10000
158390.0,9,2,13,13
158391.0,6,2,27,27
158392.0,6,2,4,4
158403.0,4,1,1,10000
158423.0,4,1,3,10000
158425.0,4,1,1,10000
158428.0,10,2,3,3
158440.0,3,1,1,10000
158449.0,10,2,25,25
158452.0,4,1,3,10000
158459.0,8,2,1,1
158460.0,8,2,1,1
158461.0,8,2,8,8
158467.0,3,1,1,10000
158470.0,6,2,3,3
158497.0,4,1,1,10000
158498.0,4,1,1,10000
158510.0,4,1,2,10000
158511.0,4,1,1,10000
158525.0,4,1,1,10000
158543.0,4,1,1,10000
158546.0,3,1,4,10000
158555.0,4,1,3,10000
158556.0,4,1,1,10000
158557.0,7,2,19,19
158565.0,8,2,14,14
158573.0,4,1,1,10000
158574.0,3,1,1,10000
158576.0,4,1,1,10000
158597.0,4,1,1,10000
158598.0,4,1,1,10000
158600.0,4,1,1,10000
158603.0,4,1,1,10000
158620.0,4,1,1,10000
158621.0,4,1,1,10000
158627.0,8,2,6,6
158635.0,4,1,1,10000
158637.0,39,11,12,6
158680.0,4,1,1,10000
158689.0,8,2,1,1
158690.0,8,2,2,2
158730.0,4,1,1,10000
158731.0,2,1,1,10000
158737.0,4,1,1,10000
158739.0,4,2,33,33
158741.0,4,1,1,10000
158758.0,4,1,1,10000
158759.0,4,1,1,10000
158760.0,2,1,1,10000
158784.0,4,1,1,10000
158785.0,2,1,1,10000
158809.0,7,2,1,1
158810.0,8,2,2,2
158814.0,4,1,2,10000
158817.0,4,1,1,10000
158822.0,2,1,1,10000
158824.0,7,2,28,28
158833.0,4,1,1,10000
158834.0,4,1,1,10000
158844.0,4,1,1,10000
158845.0,2,1,1,10000
158874.0,4,1,1,10000
158875.0,4,1,1,10000
158880.0,3,1,1,10000
158882.0,2,1,1,10000
158883.0,5,2,52,52
158889.0,4,1,1,10000
158890.0,3,1,3,10000
158891.0,2,1,1,10000
158893.0,4,1,1,10000
158894.0,4,1,1,10000
158896.0,4,1,1,10000
158898.0,4,1,1,10000
158920.0,4,1,1,10000
158921.0,3,1,3,10000
158923.0,4,1,1,10000
158928.0,8,2,33,33
158935.0,7,2,22,22
158937.0,4,1,1,10000
158938.0,2,1,1,10000
158939.0,3,1,1,10000
158940.0,3,1,1,10000
158943.0,3,1,1,10000
158955.0,4,1,1,10000
158957.0,4,1,1,10000
158958.0,4,1,1,10000
158987.0,3,1,1,10000
158988.0,2,1,1,10000
158989.0,3,1,1,10000
158990.0,3,1,1,10000
159000.0,6,2,1,1
159002.0,4,1,1,10000
159006.0,6,2,1,1
159013.0,4,1,1,10000
159014.0,4,1,1,10000
159035.0,3,1,1,10000
159036.0,8,2,2,2
159037.0,8,2,1,1
159047.0,4,1,1,10000
159055.0,4,1,1,10000
159056.0,4,1,1,10000
159059.0,2,1,1,10000
159060.0,3,1,1,10000
159061.0,2,1,1,10000
159062.0,2,1,1,10000
159079.0,4,1,1,10000
159081.0,4,1,1,10000
159082.0,4,1,1,10000
159091.0,4,1,1,10000
159094.0,4,1,1,10000
159095.0,4,1,1,10000
159101.0,4,1,1,10000
159104.0,4,1,1,10000
159105.0,4,1,2,10000
159106.0,4,1,1,10000
159107.0,4,1,1,10000
159119.0,4,1,1,10000
159120.0,4,1,1,10000
159145.0,4,1,3,10000
159146.0,4,1,1,10000
159147.0,4,1,1,10000
159149.0,4,1,1,10000
159157.0,4,1,1,10000
159162.0,7,2,29,29
159163.0,8,2,1,1
159165.0,8,2,1,1
159167.0,4,1,4,10000
159179.0,4,1,1,10000
159180.0,4,1,1,10000
159182.0,4,1,1,10000
159183.0,4,1,1,10000
159214.0,4,1,1,10000
159216.0,4,1,1,10000
159220.0,2,1,1,10000
159221.0,4,1,1,10000
159223.0,4,1,1,10000
159237.0,13,3,2,1
159238.0,4,1,1,10000
159240.0,4,1,1,10000
159241.0,9,3,3,3
159243.0,13,3,2,1
159245.0,4,1,1,10000
159292.0,4,1,3,10000
159293.0,4,1,1,10000
159311.0,48,13,9,1
159313.0,7,2,1,1
159314.0,4,1,1,10000
159315.0,7,2,18,18
159318.0,4,1,1,10000
159342.0,2,1,2,10000
159343.0,4,1,1,10000
159344.0,4,1,1,10000
159349.0,63,11,15,5
159358.0,7,2,17,17
159360.0,4,1,1,10000
159373.0,3,1,1,10000
159374.0,4,1,1,10000
159375.0,10,2,23,23
159376.0,3,1,1,10000
159377.0,4,1,1,10000
159378.0,3,1,1,10000
159386.0,4,1,1,10000
159414.0,4,1,1,10000
159416.0,4,1,2,10000
159428.0,4,1,1,10000
159429.0,2,1,1,10000
159431.0,3,1,1,10000
159440.0,3,1,1,10000
159441.0,7,2,31,31
159442.0,4,1,1,10000
159443.0,4,1,1,10000
159444.0,4,1,3,10000
159445.0,8,2,11,11
159447.0,4,1,1,10000
159465.0,4,1,1,10000
159466.0,6,2,14,14
159483.0,4,1,2,10000
159488.0,9,2,26,26
159489.0,4,1,1,10000
159490.0,4,1,1,10000
159491.0,4,1,1,10000
159502.0,6,2,13,13
159515.0,4,1,1,10000
159516.0,4,1,1,10000
159517.0,4,1,1,10000
159518.0,4,1,2,10000
159539.0,9,2,10,10
159540.0,3,1,1,10000
159544.0,4,1,1,10000
159550.0,4,1,1,10000
159553.0,2,1,1,10000
159554.0,3,1,1,10000
159555.0,4,1,1,10000
159575.0,4,1,3,10000
159582.0,4,1,3,10000
159589.0,47,12,13,5
159591.0,3,1,1,10000
159595.0,4,1,1,10000
159596.0,2,1,1,10000
159597.0,4,1,1,10000
159598.0,2,1,1,10000
159600.0,4,1,1,10000
159622.0,2,1,1,10000
159623.0,6,2,26,26
159624.0,4,1,1,10000
159625.0,4,1,1,10000
159626.0,4,1,1,10000
159627.0,3,1,1,10000
159640.0,4,1,1,10000
159641.0,3,1,1,10000
159642.0,4,1,1,10000
159643.0,3,1,1,10000
159644.0,3,1,1,10000
159645.0,4,1,1,10000
159646.0,3,1,1,10000
159658.0,7,2,1,1
159659.0,5,2,1,1
159662.0,4,1,1,10000
159674.0,4,1,1,10000
159675.0,4,1,1,10000
159676.0,4,1,1,10000
159699.0,4,1,1,10000
159717.0,8,2,12,12
159718.0,4,1,1,10000
159734.0,3,1,1,10000
159735.0,5,2,56,56
159745.0,8,2,10,10
159746.0,6,2,1,1
159747.0,4,1,1,10000
159748.0,3,1,1,10000
159788.0,47,10,20,11
159795.0,4,1,1,10000
159801.0,4,1,1,10000
159804.0,2,1,1,10000
159811.0,4,1,2,10000
159812.0,4,1,1,10000
159813.0,4,1,1,10000
159814.0,4,1,1,10000
159826.0,8,2,27,27
159827.0,4,1,1,10000
159828.0,14,3,17,1
159829.0,5,2,13,13
159830.0,4,1,2,10000
159831.0,5,2,1,1
159832.0,8,2,1,1
159834.0,2,1,1,10000
159852.0,4,1,1,10000
159854.0,5,2,1,1
159855.0,4,1,1,10000
159858.0,3,1,1,10000
159863.0,9,2,21,21
159865.0,4,1,1,10000
159873.0,4,1,1,10000
159874.0,4,1,1,10000
159875.0,4,1,1,10000
159878.0,9,2,26,26
159898.0,4,1,1,10000
159910.0,4,1,1,10000
159911.0,4,1,1,10000
159912.0,4,1,1,10000
159913.0,3,1,1,10000
159914.0,4,1,1,10000
159915.0,4,1,1,10000
159916.0,4,1,1,10000
159925.0,4,1,1,10000
159926.0,4,1,1,10000
159927.0,4,1,1,10000
159928.0,4,1,1,10000
159929.0,4,1,1,10000
159958.0,9,2,15,15
159959.0,2,1,1,10000
159982.0,4,1,1,10000
159991.0,4,1,1,10000
159995.0,4,1,1,10000
159996.0,4,1,1,10000
160003.0,6,2,2,2
160004.0,4,1,1,10000
160013.0,4,1,1,10000
160014.0,4,1,1,10000
160015.0,8,2,1,1
160018.0,4,1,1,10000
160019.0,4,1,1,10000
160020.0,12,3,3,2
160048.0,4,1,1,10000
160049.0,6,2,1,1
160050.0,10,2,31,31
160051.0,4,1,5,10000
160052.0,6,2,1,1
160055.0,3,1,1,10000
160059.0,6,2,1,1
160061.0,4,1,1,10000
160075.0,14,3,9,1
160076.0,4,1,1,10000
160077.0,4,1,1,10000
160078.0,4,1,1,10000
160079.0,14,3,9,1
160080.0,4,1,1,10000
160081.0,4,1,1,10000
160082.0,14,4,14,1
160085.0,4,1,1,10000
160110.0,9,2,36,36
160111.0,4,1,1,10000
160113.0,3,1,1,10000
160122.0,4,1,1,10000
160128.0,4,1,1,10000
160130.0,4,1,1,10000
160132.0,4,1,1,10000
160133.0,4,1,1,10000
160149.0,2,1,1,10000
160150.0,4,1,1,10000
160151.0,4,1,1,10000
160167.0,4,1,1,10000
160193.0,4,1,1,10000
160195.0,4,1,1,10000
160206.0,2,1,1,10000
160207.0,4,1,1,10000
160209.0,4,1,1,10000
160217.0,4,1,1,10000
160218.0,9,2,5,5
160219.0,8,2,5,5
160220.0,2,1,1,10000
160222.0,4,1,1,10000
160243.0,4,1,1,10000
160256.0,2,1,1,10000
160257.0,4,1,1,10000
160267.0,4,1,1,10000
160276.0,7,2,1,1
160277.0,8,2,1,1
160286.0,4,1,1,10000
160287.0,2,1,1,10000
160303.0,4,1,1,10000
160305.0,7,2,1,1
160317.0,4,1,1,10000
160318.0,6,2,5,5
160319.0,4,1,1,10000
160320.0,11,2,5,5
160324.0,2,1,1,10000
160325.0,2,1,1,10000
160328.0,4,1,1,10000
160329.0,4,1,1,10000
160330.0,4,1,1,10000
160333.0,6,2,22,22
160339.0,9,2,33,33
160340.0,10,2,4,4
160341.0,8,2,26,26
160343.0,7,2,1,1
160344.0,8,2,54,54
160346.0,8,2,8,8
160381.0,6,2,1,1
160383.0,4,1,1,10000
160385.0,4,1,3,10000
160393.0,4,1,1,10000
160402.0,4,1,1,10000
160403.0,4,1,1,10000
160404.0,10,2,34,34
160405.0,4,1,1,10000
160407.0,9,2,4,4
160409.0,6,2,1,1
160445.0,4,1,1,10000
160446.0,4,1,1,10000
160447.0,4,1,1,10000
160449.0,4,1,1,10000
160454.0,2,1,1,10000
160455.0,2,1,1,10000
160456.0,6,2,18,18
160458.0,7,2,22,22
160479.0,3,1,1,10000
160480.0,4,1,1,10000
160482.0,9,2,20,20
160495.0,4,1,1,10000
160496.0,2,1,1,10000
160497.0,4,1,1,10000
160502.0,9,2,22,22
160503.0,3,1,1,10000
160504.0,3,1,1,10000
160510.0,4,1,1,10000
160512.0,4,1,1,10000
160523.0,2,1,1,10000
160524.0,3,1,1,10000
160534.0,4,1,1,10000
160551.0,8,2,19,19
160557.0,4,1,1,10000
160558.0,4,1,1,10000
160569.0,4,1,1,10000
160570.0,4,1,1,10000
160580.0,2,1,1,10000
160581.0,5,2,1,1
160582.0,4,1,1,10000
160583.0,4,1,1,10000
160586.0,9,2,12,12
160604.0,4,1,1,10000
160606.0,4,1,1,10000
160607.0,4,1,1,10000
160618.0,5,2,1,1
160619.0,4,1,1,10000
160620.0,4,1,1,10000
160621.0,6,2,1,1
160643.0,3,1,1,10000
160660.0,8,2,5,5
160661.0,3,1,1,10000
160675.0,4,1,3,10000
160678.0,3,1,1,10000
160691.0,6,2,1,1
160709.0,4,1,2,10000
160710.0,4,1,1,10000
160711.0,4,1,1,10000
160712.0,2,1,1,10000
160725.0,4,1,1,10000
160726.0,14,3,18,2
160728.0,4,1,1,10000
160732.0,4,1,1,10000
160734.0,4,1,1,10000
160735.0,3,1,1,10000
160736.0,15,4,18,6
160743.0,4,1,1,10000
160744.0,4,1,1,10000
160745.0,4,1,1,10000
160746.0,4,1,1,10000
160747.0,4,1,1,10000
160749.0,4,1,1,10000
160763.0,8,2,1,1
160764.0,8,2,1,1
160766.0,4,1,1,10000
160771.0,4,1,2,10000
160782.0,4,1,1,10000
160789.0,4,1,1,10000
160790.0,4,1,1,10000
160791.0,9,2,20,20
160812.0,4,1,1,10000
160814.0,4,1,1,10000
160829.0,4,1,1,10000
160832.0,4,1,1,10000
160834.0,4,1,1,10000
160856.0,3,1,1,10000
160865.0,4,1,1,10000
160866.0,4,1,1,10000
160868.0,4,1,1,10000
160884.0,4,1,1,10000
160918.0,9,3,1,1
160919.0,12,3,1,1
160931.0,7,2,1,1
160932.0,8,2,26,26
160933.0,18,3,30,1
160934.0,8,2,5,5
160958.0,9,2,19,19
160959.0,2,1,1,10000
160960.0,14,3,7,1
160961.0,6,2,41,41
160962.0,8,2,9,9
160963.0,8,2,1,1
160976.0,4,1,1,10000
160977.0,9,2,27,27
160978.0,13,4,1,1
160979.0,6,2,18,18
160980.0,13,4,1,1
160982.0,3,1,1,10000
160985.0,4,1,1,10000
161009.0,7,2,3,3
161010.0,4,1,1,10000
161014.0,11,2,31,31
161015.0,4,1,1,10000
161017.0,4,1,1,10000
161019.0,4,1,6,10000
161027.0,9,2,26,26
161028.0,4,1,1,10000
161040.0,10,3,1,1
161072.0,4,1,1,10000
161074.0,4,1,1,10000
170932.0,9,2,11,11
170933.0,3,1,3,10000
170988.0,4,1,1,10000
171028.0,4,1,1,10000
171030.0,9,2,3,3
171031.0,10,2,3,3
171163.0,8,2,19,19
171171.0,4,1,1,10000
171176.0,7,2,3,3
171209.0,4,1,1,10000
171214.0,3,1,5,10000
171216.0,4,1,1,10000
171217.0,4,1,1,10000
171244.0,3,2,49,49
171246.0,4,1,1,10000
171269.0,10,2,41,41
171284.0,6,2,31,31
171286.0,4,1,1,10000
171288.0,3,1,1,10000
171310.0,4,1,1,10000
171316.0,4,1,1,10000
171317.0,4,1,1,10000
171318.0,4,1,1,10000
171329.0,4,1,1,10000
171331.0,4,1,1,10000
171354.0,4,1,1,10000
171355.0,4,1,1,10000
171356.0,4,1,1,10000
171377.0,3,1,1,10000
171401.0,3,1,1,10000
171402.0,4,1,1,10000
171423.0,4,1,1,10000
171424.0,4,1,2,10000
171426.0,4,1,1,10000
171428.0,4,1,1,10000
171429.0,3,1,1,10000
171442.0,4,1,3,10000
171445.0,3,1,1,10000
171446.0,4,1,1,10000
171447.0,28,6,10,1
171472.0,4,1,3,10000
171474.0,4,1,1,10000
171487.0,4,1,1,10000
171488.0,28,6,10,1
171493.0,8,2,20,20
171504.0,4,1,1,10000
171515.0,4,1,3,10000
171518.0,2,1,1,10000
171534.0,2,1,1,10000
171551.0,4,1,1,10000
171580.0,2,1,1,10000
171581.0,3,1,1,10000
171584.0,4,1,1,10000
171603.0,4,1,1,10000
171604.0,4,1,1,10000
171605.0,3,1,1,10000
171612.0,4,1,1,10000
171633.0,4,1,1,10000
171645.0,4,1,1,10000
171646.0,4,1,1,10000
171663.0,4,1,1,10000
171670.0,14,3,18,16
171679.0,2,1,1,10000
171680.0,2,1,1,10000
171681.0,4,1,1,10000
171682.0,3,1,1,10000
171683.0,4,1,1,10000
171685.0,4,1,1,10000
171719.0,4,1,1,10000
171744.0,4,1,1,10000
171745.0,8,2,1,1
171747.0,4,1,4,10000
171748.0,8,2,1,1
171767.0,9,2,4,4
171768.0,3,1,3,10000
171769.0,4,1,1,10000
171800.0,4,1,1,10000
171801.0,4,1,3,10000
171808.0,3,1,2,10000
171820.0,4,1,1,10000
171823.0,8,2,18,18
171840.0,4,1,1,10000
171841.0,4,1,1,10000
171857.0,8,2,1,1
171858.0,8,2,1,1
171859.0,4,1,1,10000
171876.0,4,1,1,10000
171878.0,4,1,1,10000
171891.0,4,1,1,10000
171894.0,4,1,2,10000
171901.0,4,1,2,10000
171902.0,4,1,1,10000
171911.0,4,1,1,10000
171920.0,4,1,1,10000
171927.0,10,2,7,7
171928.0,10,2,4,4
171929.0,4,1,1,10000
171935.0,2,1,1,10000
171936.0,4,1,1,10000
171945.0,4,1,1,10000
171946.0,4,1,1,10000
171972.0,4,1,1,10000
171973.0,3,1,1,10000
171992.0,4,1,1,10000
171993.0,4,1,3,10000
171995.0,4,1,1,10000
172019.0,4,1,1,10000
172020.0,8,2,4,4
172022.0,3,1,1,10000
172026.0,3,1,1,10000
172052.0,4,1,2,10000
172055.0,4,1,1,10000
172056.0,4,1,1,10000
172064.0,4,1,1,10000
172065.0,4,1,1,10000
172066.0,4,1,1,10000
172067.0,4,1,1,10000
172071.0,4,1,1,10000
172093.0,8,2,9,9
172094.0,7,2,8,8
172095.0,8,2,5,5
172096.0,8,2,13,13
172097.0,2,1,1,10000
172099.0,4,1,1,10000
172100.0,9,2,21,21
172101.0,10,2,11,11
172110.0,4,1,1,10000
172111.0,4,1,1,10000
172112.0,4,1,1,10000
172115.0,4,1,1,10000
172138.0,4,1,1,10000
172165.0,2,1,1,10000
172166.0,8,2,8,8
172167.0,3,1,1,10000
172168.0,3,1,1,10000
172177.0,4,1,1,10000
172181.0,3,1,2,10000
172182.0,2,1,2,10000
172183.0,3,1,2,10000
172195.0,2,1,2,10000
172197.0,3,1,2,10000
172198.0,8,2,15,15
172202.0,4,1,1,10000
172203.0,4,1,1,10000
172204.0,3,1,1,10000
172205.0,4,1,1,10000
172222.0,4,1,1,10000
172239.0,4,1,1,10000
172240.0,4,1,1,10000
172259.0,4,1,2,10000
172260.0,4,1,1,10000
172261.0,4,1,1,10000
172274.0,4,1,1,10000
172309.0,4,1,1,10000
172310.0,4,1,1,10000
172311.0,4,1,1,10000
172312.0,4,1,3,10000
172326.0,4,1,1,10000
172338.0,4,1,1,10000
172339.0,8,2,1,1
172340.0,4,1,1,10000
172364.0,8,2,27,27
172365.0,4,1,1,10000
172366.0,4,1,3,10000
172376.0,6,2,1,1
172377.0,10,2,13,13
172378.0,4,1,3,10000
172379.0,6,2,1,1
172381.0,9,2,13,13
172401.0,4,1,1,10000
172402.0,4,1,1,10000
172404.0,4,1,2,10000
172423.0,8,2,1,1
172424.0,3,1,1,10000
172436.0,4,1,1,10000
172469.0,4,1,1,10000
172480.0,4,1,1,10000
172481.0,7,2,3,3
172482.0,8,2,3,3
172483.0,9,2,17,17
172495.0,4,1,1,10000
172508.0,14,3,15,2
172509.0,4,1,1,10000
172511.0,3,1,3,10000
172512.0,4,1,1,10000
172529.0,4,1,1,10000
172531.0,4,1,1,10000
172544.0,4,1,1,10000
172545.0,4,1,1,10000
172574.0,4,1,1,10000
172582.0,4,1,1,10000
172595.0,3,1,1,10000
172596.0,3,1,1,10000
172597.0,4,1,3,10000
172599.0,4,1,1,10000
172614.0,4,1,1,10000
172615.0,3,1,1,10000
172616.0,4,1,1,10000
172635.0,4,1,1,10000
172659.0,4,1,1,10000
172660.0,4,1,1,10000
172661.0,3,1,1,10000
172662.0,4,1,1,10000
172665.0,4,1,1,10000
172693.0,4,1,1,10000
172694.0,4,1,1,10000
172708.0,7,2,17,17
172709.0,2,1,2,10000
172710.0,4,1,1,10000
172712.0,4,1,1,10000
172713.0,4,1,1,10000
172728.0,7,2,21,21
172744.0,4,1,1,10000
172745.0,4,1,3,10000
172746.0,4,1,1,10000
172750.0,2,1,2,10000
172773.0,8,2,1,1
172774.0,7,2,6,6
172777.0,4,1,1,10000
172778.0,4,1,1,10000
172792.0,3,1,1,10000
172794.0,4,1,1,10000
172795.0,4,1,1,10000
172808.0,4,1,1,10000
172812.0,10,2,9,9
172813.0,4,1,3,10000
172814.0,4,1,1,10000
172817.0,6,2,30,30
172819.0,4,1,3,10000
172820.0,6,2,1,1
172837.0,6,2,24,24
172846.0,8,2,1,1
172847.0,6,2,1,1
172848.0,4,1,1,10000
172849.0,4,1,1,10000
172861.0,14,4,18,14
172868.0,4,1,1,10000
172871.0,4,1,1,10000
172873.0,4,1,1,10000
172899.0,9,3,1,1
172900.0,7,3,1,1
172901.0,13,3,36,9
172902.0,8,3,1,1
172914.0,4,1,1,10000
172915.0,4,1,1,10000
172916.0,4,1,1,10000
172918.0,4,1,1,10000
172959.0,4,1,1,10000
172960.0,4,1,1,10000
172961.0,4,1,1,10000
172964.0,4,1,1,10000
172974.0,4,1,1,10000
172975.0,4,1,1,10000
172979.0,3,1,2,10000
172980.0,4,1,7,10000
172982.0,4,1,1,10000
172983.0,4,1,1,10000
172990.0,7,2,3,3
172993.0,11,3,6,1
172994.0,3,1,1,10000
172995.0,4,1,1,10000
172996.0,14,3,4,1
172997.0,12,3,6,3
173016.0,7,2,15,15
173017.0,10,2,12,12
173018.0,2,1,3,10000
173019.0,4,1,1,10000
173021.0,6,2,1,1
173022.0,4,1,1,10000
173041.0,4,1,1,10000
173042.0,4,1,1,10000
173077.0,3,1,2,10000
173100.0,4,1,1,10000
173101.0,4,1,1,10000
173105.0,4,1,1,10000
173106.0,4,1,1,10000
173108.0,4,1,1,10000
173109.0,4,1,1,10000
173127.0,4,1,1,10000
173129.0,4,1,1,10000
173130.0,4,1,1,10000
173148.0,8,3,1,1
173150.0,8,3,1,1
173156.0,6,2,26,26
173157.0,3,1,1,10000
173171.0,4,1,1,10000
173184.0,2,1,1,10000
173185.0,4,1,1,10000
173186.0,4,1,1,10000
173207.0,4,1,1,10000
173208.0,15,3,11,1
173209.0,7,2,14,14
173211.0,1,1,2,10000
173214.0,3,1,2,10000
173228.0,4,1,1,10000
173230.0,35,7,29,4
173232.0,4,1,1,10000
173233.0,4,1,1,10000
173248.0,4,1,1,10000
173249.0,4,1,1,10000
173250.0,4,1,1,10000
173251.0,3,1,1,10000
173256.0,5,2,1,1
173257.0,5,2,1,1
173258.0,4,1,1,10000
173259.0,6,2,2,2
173260.0,7,2,1,1
173262.0,7,2,1,1
173263.0,5,2,1,1
173264.0,4,1,1,10000
173279.0,4,1,1,10000
173280.0,9,2,10,10
173281.0,5,2,1,1
173297.0,3,1,1,10000
173314.0,4,1,1,10000
173315.0,3,1,1,10000
173317.0,4,1,1,10000
173318.0,2,1,1,10000
173319.0,3,1,1,10000
173335.0,2,1,1,10000
173336.0,4,1,1,10000
173337.0,8,2,4,4
173338.0,3,1,1,10000
173339.0,8,2,7,7
173340.0,4,1,1,10000
173350.0,4,1,1,10000
173351.0,4,1,1,10000
173352.0,2,1,1,10000
173353.0,4,1,3,10000
173354.0,4,1,1,10000
173374.0,18,4,18,9
173376.0,3,1,1,10000
173377.0,4,1,1,10000
173378.0,4,1,1,10000
173379.0,4,1,1,10000
173398.0,11,3,1,1
173400.0,4,1,1,10000
173417.0,4,1,3,10000
173418.0,3,1,3,10000
173421.0,4,1,1,10000
173450.0,2,1,3,10000
173451.0,9,2,9,9
173453.0,4,1,1,10000
173465.0,4,1,1,10000
173466.0,4,1,1,10000
173468.0,4,1,1,10000
173473.0,4,1,1,10000
173487.0,4,1,1,10000
173488.0,4,1,1,10000
173508.0,10,3,1,1
173509.0,4,1,3,10000
173511.0,4,1,1,10000
173512.0,4,1,1,10000
173523.0,4,1,1,10000
173526.0,4,1,1,10000
173539.0,4,1,1,10000
173549.0,4,1,1,10000
173550.0,4,1,1,10000
173558.0,2,1,3,10000
173559.0,8,2,2,2
173560.0,4,1,1,10000
173561.0,4,1,1,10000
173563.0,4,1,1,10000
173578.0,4,1,1,10000
173595.0,4,1,1,10000
173596.0,4,1,1,10000
173598.0,4,1,1,10000
173603.0,4,1,1,10000
173604.0,4,1,1,10000
173615.0,8,2,1,1
173616.0,5,2,1,1
173617.0,11,2,28,28
173620.0,6,2,5,5
173637.0,4,1,1,10000
173638.0,4,1,1,10000
173654.0,4,1,1,10000
173655.0,3,1,1,10000
173656.0,4,1,1,10000
173670.0,4,1,1,10000
173686.0,3,1,1,10000
173687.0,8,2,1,1
173688.0,4,1,1,10000
173690.0,5,2,56,56
173702.0,2,1,1,10000
173703.0,4,1,1,10000
173704.0,4,1,1,10000
173739.0,2,1,1,10000
173740.0,8,2,31,31
173741.0,4,1,3,10000
173742.0,4,1,1,10000
173751.0,4,1,1,10000
173752.0,4,1,3,10000
173753.0,4,1,1,10000
173755.0,2,1,1,10000
173779.0,7,2,2,2
173780.0,8,2,1,1
173783.0,4,1,1,10000
173784.0,8,2,1,1
173785.0,3,1,1,10000
173807.0,2,1,1,10000
173808.0,4,1,1,10000
173809.0,2,1,1,10000
173814.0,9,2,20,20
173815.0,4,1,1,10000
173821.0,3,1,2,10000
173823.0,7,2,14,14
173839.0,4,1,1,10000
173840.0,4,1,1,10000
173858.0,4,1,1,10000
173860.0,4,1,1,10000
173867.0,4,1,1,10000
173868.0,3,1,1,10000
173869.0,7,2,10,10
173870.0,4,1,1,10000
173873.0,6,2,2,2
173903.0,7,2,38,38
173904.0,8,2,37,37
173905.0,4,1,3,10000
173926.0,4,1,1,10000
173941.0,1,1,4,10000
173942.0,4,1,1,10000
173943.0,4,1,1,10000
173944.0,1,1,4,10000
173960.0,8,2,1,1
173962.0,8,2,1,1
173963.0,8,2,1,1
173970.0,7,2,35,35
173972.0,4,1,3,10000
173973.0,4,1,1,10000
173982.0,3,1,1,10000
173986.0,4,1,1,10000
173987.0,2,1,1,10000
173988.0,3,1,1,10000
173989.0,3,1,1,10000
173992.0,4,1,1,10000
174018.0,3,1,1,10000
174019.0,3,1,1,10000
174020.0,3,1,1,10000
174037.0,9,2,7,7
174038.0,7,2,27,27
174069.0,4,1,1,10000
174070.0,4,1,1,10000
174072.0,4,1,1,10000
174073.0,2,1,1,10000
174090.0,4,1,1,10000
174091.0,5,2,1,1
174092.0,3,1,3,10000
174094.0,2,1,1,10000
174095.0,4,1,1,10000
174102.0,9,2,8,8
174106.0,4,1,1,10000
174107.0,4,1,1,10000
174108.0,4,1,1,10000
174109.0,4,1,1,10000
174110.0,4,1,1,10000
174111.0,2,1,1,10000
174131.0,4,1,1,10000
174132.0,4,1,1,10000
174133.0,4,1,1,10000
174140.0,4,1,1,10000
174141.0,4,1,1,10000
174142.0,61,13,12,1
174143.0,57,13,12,3
174145.0,9,3,10,10
174146.0,68,13,12,1
174147.0,2,1,1,10000
174168.0,4,1,1,10000
174169.0,4,1,1,10000
174171.0,4,1,1,10000
174195.0,4,1,1,10000
174196.0,2,1,1,10000
174198.0,4,1,1,10000
174212.0,8,2,26,26
174213.0,4,1,1,10000
174214.0,4,1,1,10000
174215.0,8,2,11,11
174230.0,9,2,17,17
174231.0,8,2,28,28
174240.0,4,1,1,10000
174256.0,6,2,1,1
174257.0,8,2,10,10
174266.0,4,1,3,10000
174273.0,4,1,1,10000
174293.0,4,1,1,10000
174294.0,4,1,1,10000
174296.0,4,1,1,10000
174312.0,7,2,35,35
174313.0,4,1,1,10000
174314.0,4,1,1,10000
174328.0,8,2,1,1
174329.0,8,2,1,1
174340.0,4,1,1,10000
174341.0,4,1,1,10000
174342.0,4,1,1,10000
174348.0,3,1,1,10000
174349.0,4,1,1,10000
174354.0,4,1,3,10000
174355.0,4,1,1,10000
174364.0,4,1,3,10000
174369.0,4,1,1,10000
174374.0,4,1,1,10000
174395.0,4,1,1,10000
174396.0,8,2,1,1
174397.0,5,2,1,1
174418.0,4,1,1,10000
174419.0,4,1,1,10000
174420.0,4,1,1,10000
174421.0,4,1,1,10000
174423.0,4,1,1,10000
174447.0,4,1,1,10000
174448.0,4,1,1,10000
174449.0,4,1,1,10000
174450.0,4,1,1,10000
174468.0,4,1,1,10000
174469.0,4,1,1,10000
174474.0,4,1,1,10000
174487.0,8,2,19,19
174489.0,4,1,1,10000
174490.0,9,2,36,36
174491.0,13,4,56,19
174522.0,4,1,1,10000
174523.0,4,1,1,10000
174553.0,3,1,1,10000
174588.0,2,1,1,10000
174590.0,4,1,1,10000
174627.0,4,1,1,10000
174630.0,4,1,1,10000
185409.0,4,1,2,10000
185410.0,4,1,2,10000
185441.0,4,1,1,10000
185483.0,3,1,7,10000
185486.0,4,1,1,10000
185487.0,4,1,1,10000
185525.0,4,1,1,10000
185620.0,3,1,3,10000
185626.0,6,2,47,47
185659.0,7,2,9,9
185701.0,4,1,1,10000
185703.0,4,1,1,10000
185729.0,4,1,1,10000
185748.0,4,1,1,10000
185749.0,4,1,1,10000
185750.0,4,1,1,10000
185751.0,9,2,2,2
185752.0,4,1,1,10000
185753.0,9,2,2,2
185768.0,4,1,1,10000
185769.0,7,2,47,47
185770.0,7,2,4,4
185772.0,3,1,1,10000
185773.0,4,1,1,10000
185792.0,9,2,17,17
185793.0,3,1,1,10000
185794.0,7,2,2,2
185796.0,4,1,1,10000
185797.0,7,2,1,1
185823.0,9,2,11,11
185824.0,4,1,1,10000
185825.0,3,1,1,10000
185826.0,8,2,18,18
185827.0,4,1,1,10000
185852.0,4,1,2,10000
185853.0,3,1,3,10000
185854.0,4,1,1,10000
185870.0,4,1,1,10000
185871.0,4,1,1,10000
185872.0,4,1,1,10000
185874.0,4,1,1,10000
185885.0,4,1,1,10000
185888.0,8,2,3,3
185889.0,4,1,1,10000
185914.0,4,1,1,10000
185941.0,4,1,1,10000
185942.0,4,1,1,10000
185943.0,4,1,1,10000
185972.0,4,1,1,10000
185973.0,3,1,1,10000
185974.0,3,1,1,10000
185975.0,4,1,1,10000
185988.0,4,1,2,10000
185989.0,4,1,3,10000
185990.0,4,1,1,10000
185991.0,3,1,1,10000
185992.0,4,1,1,10000
186005.0,4,1,1,10000
186006.0,4,1,1,10000
186007.0,8,2,27,27
186009.0,4,1,1,10000
186036.0,4,1,1,10000
186037.0,4,1,1,10000
186055.0,47,12,19,4
186069.0,4,1,1,10000
186070.0,2,1,1,10000
186071.0,4,1,3,10000
186090.0,4,1,2,10000
186106.0,4,1,1,10000
186111.0,4,1,1,10000
186125.0,4,1,1,10000
186142.0,4,1,1,10000
186143.0,9,2,34,34
186144.0,4,1,1,10000
186145.0,4,1,1,10000
186147.0,5,2,27,27
186170.0,4,1,1,10000
186171.0,4,1,1,10000
186172.0,4,1,2,10000
186173.0,4,1,1,10000
186191.0,4,1,3,10000
186192.0,2,1,1,10000
186193.0,2,1,1,10000
186194.0,4,1,3,10000
186205.0,3,1,1,10000
186206.0,4,1,1,10000
186209.0,4,1,4,10000
186214.0,8,2,2,2
186216.0,9,2,11,11
186217.0,8,2,4,4
186254.0,4,1,3,10000
186255.0,2,1,1,10000
186275.0,4,1,1,10000
186309.0,4,1,1,10000
186331.0,4,1,1,10000
186341.0,4,1,1,10000
186342.0,4,1,2,10000
186353.0,4,1,1,10000
186354.0,2,1,1,10000
186369.0,4,1,1,10000
186370.0,4,1,1,10000
186376.0,4,1,1,10000
186382.0,2,1,1,10000
186383.0,4,1,1,10000
186384.0,4,1,1,10000
186385.0,4,1,2,10000
186386.0,4,1,1,10000
186388.0,2,1,1,10000
186413.0,4,1,1,10000
186414.0,10,2,20,20
186416.0,2,1,1,10000
186419.0,9,2,29,29
186442.0,2,1,1,10000
186462.0,4,1,3,10000
186463.0,9,2,15,15
186471.0,4,1,1,10000
186472.0,4,1,1,10000
186478.0,4,1,1,10000
186479.0,4,1,1,10000
186480.0,4,1,1,10000
186481.0,4,1,1,10000
186482.0,4,1,1,10000
186504.0,4,1,1,10000
186505.0,4,1,1,10000
186506.0,2,1,1,10000
186508.0,11,2,17,17
186512.0,4,1,1,10000
186537.0,4,1,1,10000
186562.0,4,1,1,10000
186572.0,3,1,1,10000
186583.0,4,1,1,10000
186584.0,4,1,1,10000
186589.0,4,1,3,10000
186590.0,4,1,1,10000
186596.0,4,1,1,10000
186597.0,4,1,1,10000
186598.0,4,1,1,10000
186599.0,4,1,1,10000
186600.0,2,1,1,10000
186601.0,4,1,11,10000
186618.0,2,1,1,10000
186619.0,4,1,1,10000
186622.0,4,1,1,10000
186634.0,4,1,1,10000
186635.0,4,1,2,10000
186636.0,4,1,1,10000
186637.0,4,1,1,10000
186654.0,4,1,1,10000
186655.0,2,1,1,10000
186656.0,4,1,1,10000
186657.0,4,1,1,10000
186674.0,4,1,1,10000
186687.0,4,1,2,10000
186695.0,4,1,2,10000
186696.0,6,2,17,17
186699.0,4,1,1,10000
186713.0,43,10,20,3
186714.0,11,2,9,9
186716.0,11,2,6,6
186769.0,4,1,1,10000
186771.0,4,1,1,10000
186772.0,4,1,1,10000
186797.0,4,1,3,10000
186798.0,8,2,3,3
186799.0,8,2,5,5
186802.0,3,1,1,10000
186815.0,13,3,17,1
186817.0,16,3,20,1
186818.0,4,1,1,10000
186819.0,4,1,1,10000
186827.0,3,1,2,10000
186828.0,4,1,1,10000
186830.0,4,1,1,10000
186859.0,4,1,1,10000
186860.0,4,1,1,10000
186861.0,4,1,1,10000
186884.0,4,1,1,10000
186885.0,4,1,1,10000
186886.0,7,2,3,3
186887.0,4,1,1,10000
186888.0,9,2,4,4
186889.0,4,1,1,10000
186907.0,7,2,17,17
186908.0,7,2,22,22
186909.0,4,1,1,10000
186922.0,4,1,1,10000
186923.0,4,1,1,10000
186927.0,4,1,1,10000
186928.0,3,1,2,10000
186941.0,9,2,27,27
186942.0,4,1,1,10000
186943.0,4,1,1,10000
186969.0,4,1,3,10000
186970.0,4,1,1,10000
187000.0,4,1,1,10000
187001.0,4,1,1,10000
187032.0,4,1,5,10000
187033.0,3,1,1,10000
187036.0,4,1,1,10000
187043.0,4,2,46,46
187044.0,3,1,1,10000
187054.0,4,1,1,10000
187055.0,6,2,1,1
187056.0,3,1,1,10000
187057.0,4,1,1,10000
187058.0,4,1,1,10000
187059.0,7,2,1,1
187084.0,4,1,1,10000
187087.0,4,1,1,10000
187108.0,4,1,1,10000
187109.0,4,1,1,10000
187110.0,4,1,1,10000
187111.0,4,1,1,10000
187114.0,4,1,1,10000
187134.0,4,1,3,10000
187136.0,4,1,1,10000
187147.0,4,1,1,10000
187148.0,4,1,1,10000
187158.0,4,1,3,10000
187161.0,4,1,1,10000
187181.0,4,1,1,10000
187192.0,4,1,1,10000
187193.0,4,1,1,10000
187218.0,4,1,1,10000
187228.0,3,1,3,10000
187230.0,4,1,1,10000
187254.0,4,1,1,10000
187255.0,4,1,1,10000
187270.0,4,1,3,10000
187272.0,9,2,19,19
187273.0,4,1,1,10000
187274.0,4,1,3,10000
187275.0,6,2,32,32
187280.0,4,1,1,10000
187281.0,4,1,1,10000
187282.0,4,1,2,10000
187288.0,3,1,1,10000
187295.0,4,1,1,10000
187297.0,3,1,1,10000
187298.0,4,1,1,10000
187305.0,2,1,1,10000
187328.0,4,1,1,10000
187330.0,4,1,1,10000
187331.0,4,1,1,10000
187332.0,12,3,1,1
187333.0,12,3,1,1
187334.0,4,1,1,10000
187335.0,12,3,1,1
187362.0,2,1,1,10000
187364.0,3,1,1,10000
187365.0,7,2,52,52
187390.0,4,1,1,10000
187391.0,4,1,1,10000
187392.0,4,1,1,10000
187393.0,3,1,1,10000
187394.0,12,3,54,52
187400.0,4,1,1,10000
187401.0,6,2,1,1
187403.0,6,2,1,1
187411.0,4,1,1,10000
187412.0,2,1,1,10000
187428.0,2,1,1,10000
187429.0,2,1,1,10000
187430.0,2,1,1,10000
187431.0,4,1,1,10000
187433.0,2,1,1,10000
187449.0,4,1,1,10000
187452.0,4,1,1,10000
187460.0,4,1,1,10000
187461.0,4,1,1,10000
187484.0,3,1,1,10000
187485.0,7,2,1,1
187486.0,6,2,2,2
187499.0,4,1,1,10000
187500.0,4,1,1,10000
187501.0,2,1,1,10000
187503.0,4,1,1,10000
187514.0,8,2,7,7
187515.0,3,1,2,10000
187518.0,12,3,15,9
187523.0,4,1,1,10000
187530.0,4,1,1,10000
187531.0,4,1,1,10000
187532.0,4,1,1,10000
187537.0,9,2,2,2
187538.0,11,3,24,6
187539.0,17,3,8,1
187540.0,9,2,2,2
187541.0,17,3,8,1
187542.0,2,1,1,10000
187543.0,2,1,1,10000
187551.0,4,1,1,10000
187552.0,4,1,1,10000
187561.0,4,1,1,10000
187564.0,4,1,1,10000
187571.0,4,1,1,10000
187575.0,4,1,1,10000
187578.0,4,1,1,10000
187582.0,4,1,1,10000
187597.0,10,2,23,23
187598.0,7,2,40,40
187599.0,8,2,17,17
187601.0,4,1,1,10000
187602.0,4,1,1,10000
187626.0,4,1,2,10000
187627.0,4,1,1,10000
187642.0,8,2,1,1
187646.0,6,2,23,23
187647.0,15,3,5,1
187661.0,7,2,19,19
187662.0,4,1,1,10000
187671.0,3,1,1,10000
187672.0,2,1,1,10000
187673.0,4,1,1,10000
187675.0,7,2,27,27
187676.0,8,2,1,1
187677.0,3,1,1,10000
187681.0,4,1,1,10000
187694.0,3,1,1,10000
187699.0,4,1,1,10000
187728.0,4,1,1,10000
187729.0,4,1,1,10000
187730.0,4,1,1,10000
187750.0,3,1,1,10000
187751.0,4,1,1,10000
187760.0,4,1,1,10000
187761.0,8,2,1,1
187763.0,8,2,1,1
187781.0,4,1,3,10000
187788.0,8,2,1,1
187789.0,8,2,1,1
187790.0,4,1,1,10000
187792.0,4,1,1,10000
187795.0,4,1,1,10000
187796.0,3,1,1,10000
187797.0,4,1,1,10000
187799.0,4,1,1,10000
187800.0,3,1,1,10000
187802.0,4,1,1,10000
187815.0,4,1,1,10000
187828.0,7,2,51,51
187829.0,4,1,1,10000
187833.0,4,1,1,10000
187852.0,6,2,45,45
187854.0,4,1,1,10000
187868.0,4,1,1,10000
187870.0,4,1,1,10000
187872.0,4,1,1,10000
187885.0,7,2,15,15
187886.0,4,2,57,57
187888.0,4,1,1,10000
187889.0,4,1,1,10000
187928.0,6,2,43,43
187930.0,7,2,22,22
187940.0,9,2,7,7
187943.0,4,1,1,10000
187951.0,4,1,1,10000
187969.0,4,1,1,10000
187970.0,4,1,1,10000
187972.0,7,2,51,51
187973.0,2,1,1,10000
187974.0,4,1,1,10000
187997.0,4,1,1,10000
187999.0,6,2,1,1
188001.0,11,2,9,9
188005.0,4,1,1,10000
188007.0,6,2,1,1
188008.0,7,2,13,13
188028.0,4,2,1,1
188029.0,8,2,4,4
188039.0,4,1,6,10000
188043.0,4,1,1,10000
188044.0,14,3,19,3
188057.0,4,1,1,10000
188058.0,4,1,1,10000
188069.0,4,1,1,10000
188070.0,4,1,1,10000
188071.0,2,1,1,10000
188072.0,4,1,1,10000
188073.0,4,1,1,10000
188088.0,4,1,1,10000
188098.0,2,1,1,10000
188121.0,4,1,1,10000
188122.0,6,2,39,39
188131.0,11,2,30,30
188133.0,4,1,1,10000
188138.0,4,1,1,10000
188178.0,3,1,1,10000
188179.0,4,1,1,10000
188180.0,4,1,1,10000
188191.0,3,1,1,10000
188192.0,4,1,1,10000
188193.0,4,1,1,10000
188195.0,4,1,1,10000
188216.0,2,1,1,10000
188217.0,4,1,1,10000
188218.0,4,1,1,10000
188219.0,4,1,1,10000
188238.0,4,1,1,10000
188239.0,4,1,1,10000
188240.0,4,1,1,10000
188241.0,4,1,1,10000
188242.0,4,1,1,10000
188258.0,7,2,1,1
188259.0,7,2,1,1
188260.0,7,2,2,2
188261.0,7,2,1,1
188262.0,4,1,1,10000
188272.0,6,2,1,1
188273.0,2,1,1,10000
188281.0,15,3,9,1
188282.0,3,1,1,10000
188283.0,6,2,1,1
188284.0,3,1,1,10000
188285.0,4,1,1,10000
188287.0,6,2,1,1
188288.0,15,3,9,1
188290.0,6,3,1,1
188314.0,7,2,13,13
188315.0,14,3,17,1
188317.0,4,1,3,10000
188319.0,3,1,1,10000
188324.0,4,2,1,1
188350.0,8,2,8,8
188351.0,4,1,1,10000
188352.0,3,1,1,10000
188354.0,4,1,1,10000
188355.0,10,2,35,35
188376.0,3,1,1,10000
188377.0,4,1,2,10000
188387.0,3,1,1,10000
188389.0,3,1,1,10000
188404.0,8,2,26,26
188405.0,4,1,1,10000
188406.0,4,1,1,10000
188407.0,3,1,1,10000
188424.0,6,2,27,27
188425.0,3,1,1,10000
188426.0,3,1,1,10000
188430.0,9,2,3,3
188431.0,3,1,3,10000
188432.0,3,1,1,10000
188435.0,10,3,19,3
188437.0,4,1,1,10000
188439.0,9,3,2,1
188440.0,2,1,1,10000
188441.0,3,1,1,10000
188462.0,4,1,1,10000
188473.0,13,3,9,4
188475.0,3,1,1,10000
188479.0,11,3,34,29
188504.0,8,2,30,30
188505.0,4,1,1,10000
188507.0,4,1,1,10000
188522.0,3,1,1,10000
188523.0,2,1,1,10000
188524.0,4,1,1,10000
188530.0,2,1,1,10000
188537.0,4,1,1,10000
188548.0,4,1,1,10000
188549.0,3,1,1,10000
188550.0,4,1,1,10000
188551.0,4,1,1,10000
188558.0,4,1,1,10000
188564.0,4,1,1,10000
188565.0,4,1,1,10000
188566.0,4,1,1,10000
188567.0,4,1,1,10000
188568.0,3,1,2,10000
188569.0,6,2,10,10
188570.0,8,2,1,1
188571.0,4,1,1,10000
188595.0,3,1,1,10000
188596.0,4,1,1,10000
188598.0,4,1,2,10000
188599.0,4,1,1,10000
188628.0,4,1,1,10000
188630.0,4,1,1,10000
188631.0,3,1,1,10000
188652.0,4,1,1,10000
188653.0,8,2,1,1
188654.0,6,2,14,14
188656.0,7,2,1,1
188657.0,4,1,1,10000
188665.0,4,1,1,10000
188666.0,6,2,1,1
188667.0,4,1,1,10000
188668.0,8,2,1,1
188669.0,6,2,1,1
188679.0,7,2,53,53
188680.0,10,2,27,27
188681.0,4,1,1,10000
188684.0,9,2,32,32
188685.0,4,1,1,10000
188721.0,4,1,1,10000
188722.0,8,2,7,7
188764.0,4,1,1,10000
188765.0,2,1,1,10000
188766.0,4,1,1,10000
188796.0,8,2,10,10
188797.0,4,1,1,10000
188799.0,2,1,1,10000
188809.0,4,1,1,10000
188817.0,6,2,1,1
199086.0,4,1,1,10000
199087.0,4,1,1,10000
199088.0,3,1,3,10000
199112.0,4,1,1,10000
199114.0,4,1,1,10000
199162.0,4,1,1,10000
199237.0,4,1,1,10000
199257.0,5,2,1,1
199258.0,4,1,1,10000
199279.0,4,1,1,10000
199281.0,4,1,1,10000
199290.0,4,1,1,10000
199318.0,4,1,1,10000
199319.0,4,1,1,10000
199320.0,17,6,50,42
199340.0,3,1,1,10000
199342.0,4,1,1,10000
199346.0,4,1,1,10000
199375.0,4,1,1,10000
199376.0,4,1,8,10000
199377.0,4,1,1,10000
199381.0,4,1,1,10000
199387.0,4,1,1,10000
199399.0,4,1,1,10000
199400.0,4,1,1,10000
199419.0,4,1,1,10000
199420.0,4,1,1,10000
199421.0,4,1,1,10000
199423.0,8,2,19,19
199424.0,4,1,1,10000
199425.0,4,1,1,10000
199441.0,4,1,1,10000
199442.0,8,2,1,1
199443.0,8,2,1,1
199444.0,4,1,1,10000
199445.0,7,2,49,49
199446.0,4,1,1,10000
199448.0,9,3,1,1
199450.0,7,2,28,28
199467.0,4,1,1,10000
199468.0,4,1,1,10000
199470.0,4,1,1,10000
199481.0,4,1,1,10000
199487.0,8,2,1,1
199488.0,3,1,1,10000
199489.0,4,1,1,10000
199490.0,4,1,9,10000
199543.0,4,1,2,10000
199544.0,3,1,1,10000
199545.0,4,1,1,10000
199546.0,9,2,3,3
199567.0,9,2,26,26
199570.0,4,1,1,10000
199581.0,8,2,1,1
199582.0,4,1,1,10000
199583.0,2,1,1,10000
199584.0,2,1,2,10000
199597.0,9,2,9,9
199598.0,8,2,9,9
199599.0,4,1,1,10000
199601.0,4,1,1,10000
199615.0,4,1,2,10000
199637.0,8,2,1,1
199638.0,8,2,1,1
199651.0,7,2,27,27
199654.0,4,1,1,10000
199674.0,4,1,1,10000
199681.0,4,1,3,10000
199684.0,4,1,1,10000
199690.0,7,2,26,26
199695.0,4,1,1,10000
199706.0,4,1,1,10000
199708.0,8,2,35,35
199711.0,4,1,1,10000
199712.0,4,1,1,10000
199715.0,4,1,1,10000
199716.0,4,1,1,10000
199717.0,4,1,1,10000
199736.0,4,1,1,10000
199737.0,3,1,1,10000
199738.0,3,1,1,10000
199740.0,4,1,1,10000
199741.0,2,1,1,10000
199762.0,4,1,1,10000
199763.0,4,1,1,10000
199764.0,7,2,11,11
199797.0,10,2,5,5
199860.0,4,1,1,10000
199885.0,7,2,1,1
199886.0,7,2,1,1
199890.0,4,1,1,10000
199904.0,3,2,50,50
199905.0,10,2,12,12
199921.0,2,1,1,10000
199928.0,4,1,1,10000
199930.0,4,1,1,10000
199943.0,4,1,1,10000
199944.0,3,1,1,10000
199950.0,7,2,13,13
199951.0,2,1,1,10000
199953.0,4,1,1,10000
199969.0,2,1,3,10000
199973.0,8,2,14,14
199977.0,4,1,1,10000
200002.0,3,1,1,10000
200003.0,4,1,2,10000
200004.0,3,1,1,10000
200005.0,4,1,1,10000
200006.0,3,1,1,10000
200007.0,4,1,1,10000
200008.0,4,1,1,10000
200042.0,20,6,56,52
200044.0,4,1,1,10000
200045.0,4,1,1,10000
200046.0,4,1,1,10000
200060.0,5,2,1,1
200061.0,10,3,2,1
200062.0,8,3,1,1
200063.0,8,2,1,1
200064.0,9,3,57,52
200065.0,4,1,1,10000
200067.0,8,3,1,1
200068.0,8,3,1,1
200082.0,4,1,1,10000
200095.0,4,1,1,10000
200096.0,8,2,14,14
200097.0,4,1,1,10000
200098.0,4,1,1,10000
200121.0,2,1,1,10000
200122.0,4,1,1,10000
200144.0,4,1,1,10000
200169.0,2,1,4,10000
200170.0,4,1,1,10000
200171.0,3,1,1,10000
200183.0,4,1,1,10000
200185.0,4,1,1,10000
200192.0,4,1,1,10000
200202.0,4,1,1,10000
200214.0,7,2,1,1
200215.0,2,1,1,10000
200216.0,9,2,17,17
200217.0,8,2,8,8
200241.0,4,1,1,10000
200260.0,5,2,39,39
200282.0,4,1,1,10000
200283.0,4,1,1,10000
200313.0,4,1,1,10000
200314.0,4,1,1,10000
200315.0,4,1,3,10000
200316.0,4,1,1,10000
200333.0,8,2,18,18
200334.0,3,1,1,10000
200335.0,3,1,1,10000
200336.0,4,1,1,10000
200349.0,3,1,1,10000
200355.0,4,1,1,10000
200356.0,4,1,1,10000
200410.0,4,1,1,10000
200411.0,4,1,1,10000
200412.0,8,2,3,3
200415.0,7,2,2,2
200425.0,2,1,3,10000
200446.0,4,1,1,10000
200456.0,4,1,1,10000
200459.0,4,1,1,10000
200477.0,4,1,1,10000
200492.0,4,1,1,10000
200493.0,4,1,1,10000
200494.0,3,1,1,10000
200495.0,4,1,1,10000
200496.0,3,1,1,10000
200497.0,4,1,1,10000
200499.0,4,1,1,10000
200515.0,12,3,21,17
200527.0,4,1,1,10000
200528.0,4,1,1,10000
200554.0,4,1,1,10000
200555.0,16,4,1,1
200557.0,17,4,2,1
200558.0,4,1,1,10000
200559.0,4,1,1,10000
200571.0,4,1,1,10000
200575.0,4,1,1,10000
200579.0,8,2,1,1
200580.0,11,2,12,12
200581.0,8,2,1,1
200582.0,10,2,4,4
200583.0,4,1,1,10000
200584.0,9,2,12,12
200587.0,4,1,1,10000
200609.0,8,2,19,19
200610.0,7,2,1,1
200611.0,7,2,1,1
200612.0,4,1,2,10000
200613.0,4,1,1,10000
200629.0,4,1,1,10000
200658.0,8,2,2,2
200659.0,7,2,3,3
200667.0,4,1,1,10000
200670.0,4,1,1,10000
200673.0,4,1,1,10000
200674.0,4,1,1,10000
200676.0,2,1,2,10000
200677.0,4,1,1,10000
200696.0,4,1,1,10000
200697.0,4,1,1,10000
200698.0,4,1,1,10000
200699.0,8,2,5,5
200700.0,5,2,21,21
200718.0,8,2,1,1
200720.0,13,3,5,1
200721.0,7,2,1,1
200724.0,4,1,1,10000
200725.0,6,2,1,1
200726.0,4,1,1,10000
200727.0,8,2,2,2
200729.0,4,1,1,10000
200755.0,4,1,1,10000
200756.0,4,1,1,10000
200766.0,8,2,2,2
200769.0,4,1,1,10000
200818.0,6,2,1,1
200833.0,4,1,1,10000
200834.0,4,1,1,10000
200861.0,2,1,1,10000
200863.0,8,2,5,5
200865.0,4,1,1,10000
200869.0,4,1,1,10000
200870.0,4,1,1,10000
200885.0,4,1,1,10000
200889.0,4,1,1,10000
200892.0,4,1,1,10000
200895.0,4,1,1,10000
200921.0,52,11,9,1
200924.0,51,11,9,1
200926.0,4,1,1,10000
200927.0,2,1,1,10000
200929.0,8,2,1,1
200931.0,36,10,9,1
200961.0,4,1,1,10000
200963.0,4,1,1,10000
200964.0,3,1,1,10000
200978.0,2,1,1,10000
200979.0,2,1,1,10000
200980.0,4,1,1,10000
200991.0,6,2,42,42
200993.0,4,1,1,10000
200994.0,2,1,1,10000
200996.0,9,2,9,9
200997.0,10,2,9,9
201002.0,4,1,1,10000
201020.0,4,1,1,10000
201021.0,4,1,1,10000
201040.0,2,1,1,10000
201051.0,3,1,6,10000
201052.0,4,1,1,10000
201053.0,4,1,1,10000
201054.0,4,1,1,10000
201068.0,4,1,1,10000
201069.0,4,1,1,10000
201080.0,9,2,5,5
201081.0,4,1,1,10000
201084.0,3,1,1,10000
201087.0,2,1,1,10000
201089.0,8,2,3,3
201107.0,2,1,1,10000
201114.0,7,2,1,1
201115.0,8,2,1,1
201122.0,3,1,1,10000
201127.0,6,2,1,1
201129.0,7,2,2,2
201131.0,6,2,22,22
201168.0,4,1,1,10000
201169.0,8,2,1,1
201171.0,9,2,3,3
201173.0,4,1,1,10000
201174.0,4,1,1,10000
201186.0,4,1,2,10000
201187.0,4,1,1,10000
201209.0,4,1,1,10000
201210.0,3,1,1,10000
201211.0,4,1,1,10000
201213.0,3,1,1,10000
201215.0,4,2,1,1
201216.0,4,1,1,10000
201217.0,6,2,11,11
201239.0,7,2,1,1
201247.0,4,1,1,10000
201248.0,4,1,1,10000
201249.0,4,1,1,10000
201259.0,3,1,1,10000
201262.0,4,1,1,10000
201263.0,4,1,1,10000
201297.0,4,1,1,10000
201298.0,9,2,35,35
201300.0,4,1,1,10000
201326.0,8,2,5,5
201327.0,6,2,2,2
201332.0,4,1,1,10000
201333.0,5,3,57,27
201358.0,3,1,1,10000
201359.0,3,1,1,10000
201360.0,3,1,1,10000
201362.0,4,1,1,10000
201376.0,4,1,1,10000
201377.0,4,1,1,10000
201382.0,4,1,1,10000
201383.0,4,1,1,10000
201397.0,4,1,1,10000
201402.0,4,1,1,10000
201431.0,12,3,15,1
201433.0,10,2,11,11
201434.0,4,1,1,10000
201435.0,7,2,1,1
201436.0,4,1,1,10000
201437.0,4,1,1,10000
201438.0,8,2,1,1
201449.0,4,1,1,10000
201451.0,3,1,1,10000
201453.0,2,1,1,10000
201455.0,4,1,1,10000
201470.0,8,2,30,30
201471.0,6,2,1,1
201490.0,5,2,1,1
201492.0,4,1,1,10000
201493.0,4,1,1,10000
201495.0,4,1,1,10000
201496.0,4,1,1,10000
201497.0,4,1,1,10000
201531.0,8,2,5,5
201532.0,3,1,1,10000
201542.0,3,1,1,10000
201543.0,4,1,1,10000
201544.0,4,1,1,10000
201554.0,3,1,1,10000
201557.0,4,1,1,10000
201561.0,4,1,1,10000
201562.0,4,1,1,10000
201563.0,4,1,1,10000
201567.0,4,1,1,10000
201588.0,4,1,1,10000
201591.0,3,1,1,10000
201593.0,8,2,4,4
201611.0,4,1,1,10000
201613.0,2,1,1,10000
201614.0,4,1,1,10000
201618.0,4,1,1,10000
201643.0,4,1,1,10000
201644.0,4,1,1,10000
201645.0,4,1,1,10000
201652.0,11,3,1,1
201653.0,11,3,1,1
201654.0,3,1,1,10000
201656.0,11,3,1,1
201658.0,4,1,2,10000
201664.0,4,1,1,10000
201669.0,2,1,1,10000
201681.0,4,1,1,10000
201702.0,4,1,1,10000
201704.0,4,1,1,10000
201719.0,4,1,1,10000
201720.0,4,1,1,10000
201721.0,4,1,1,10000
201722.0,9,2,40,40
201748.0,6,2,4,4
201749.0,4,1,1,10000
201753.0,11,2,4,4
201779.0,9,2,5,5
201780.0,8,2,4,4
201781.0,4,1,1,10000
201782.0,4,1,1,10000
201783.0,10,2,3,3
201792.0,4,1,1,10000
201793.0,8,2,1,1
201804.0,4,1,1,10000
201806.0,4,1,1,10000
201864.0,4,1,1,10000
201865.0,4,1,1,10000
201867.0,4,1,1,10000
201889.0,4,1,1,10000
201890.0,4,1,1,10000
201891.0,4,1,1,10000
201899.0,2,1,1,10000
201901.0,9,2,4,4
201908.0,3,1,1,10000
201910.0,4,1,1,10000
201911.0,4,1,1,10000
201913.0,4,1,1,10000
201939.0,2,1,1,10000
201956.0,3,1,1,10000
201957.0,3,1,1,10000
201960.0,4,1,1,10000
201981.0,4,1,1,10000
201984.0,4,1,1,10000
201996.0,4,1,1,10000
202011.0,4,1,1,10000
202014.0,4,1,1,10000
202015.0,4,1,1,10000
202041.0,4,1,2,10000
202053.0,4,1,1,10000
202054.0,3,1,1,10000
202073.0,8,2,1,1
202074.0,8,2,1,1
202081.0,3,1,1,10000
202083.0,2,1,1,10000
202084.0,4,1,1,10000
202097.0,4,1,1,10000
202098.0,8,2,1,1
202108.0,4,1,1,10000
202110.0,8,3,6,6
202111.0,52,12,11,1
202113.0,11,3,13,1
202114.0,7,2,1,1
202115.0,3,1,1,10000
202117.0,7,2,1,1
202118.0,12,3,21,4
202121.0,4,1,1,10000
202148.0,4,1,1,10000
202171.0,4,1,1,10000
202172.0,4,1,1,10000
202173.0,4,1,1,10000
202174.0,4,1,1,10000
202175.0,3,1,1,10000
202198.0,4,2,1,1
202199.0,8,2,1,1
202201.0,10,2,4,4
202202.0,7,2,1,1
202203.0,2,1,1,10000
202204.0,4,1,1,10000
202207.0,4,1,1,10000
202208.0,2,1,1,10000
202209.0,7,2,22,22
202211.0,4,1,1,10000
202220.0,4,1,1,10000
202256.0,4,1,1,10000
202257.0,8,2,27,27
202258.0,4,1,1,10000
202287.0,4,1,1,10000
202288.0,4,1,1,10000
202289.0,8,2,1,1
202290.0,4,1,1,10000
202292.0,2,1,1,10000
202327.0,4,1,1,10000
202328.0,4,1,1,10000
202329.0,4,1,1,10000
202342.0,34,7,20,2
202348.0,8,2,33,33
202352.0,25,5,33,26
212989.0,4,1,1,10000
212990.0,4,1,1,10000
212992.0,4,1,1,10000
213085.0,4,1,1,10000
213098.0,6,2,15,15
213164.0,2,1,1,10000
213184.0,4,1,1,10000
213185.0,4,1,1,10000
213209.0,4,1,1,10000
213219.0,4,1,1,10000
213220.0,4,1,1,10000
213221.0,4,1,1,10000
213222.0,4,1,1,10000
213260.0,3,1,1,10000
213263.0,4,1,1,10000
213281.0,9,2,30,30
213284.0,4,1,1,10000
213285.0,4,1,1,10000
213287.0,4,1,1,10000
213289.0,2,1,2,10000
213315.0,4,1,3,10000
213343.0,4,1,1,10000
213344.0,4,1,1,10000
213363.0,3,1,1,10000
213364.0,4,1,1,10000
213377.0,4,1,1,10000
213378.0,4,1,1,10000
213379.0,6,2,42,42
213380.0,4,1,1,10000
213381.0,5,2,1,1
213382.0,4,1,1,10000
213383.0,8,2,27,27
213403.0,4,1,1,10000
213429.0,4,1,1,10000
213448.0,4,1,1,10000
213467.0,4,1,1,10000
213471.0,4,2,27,27
213472.0,4,1,3,10000
213473.0,8,2,1,1
213477.0,4,1,1,10000
213483.0,4,1,3,10000
213489.0,4,1,1,10000
213509.0,4,1,1,10000
213520.0,4,1,1,10000
213521.0,4,1,1,10000
213522.0,2,1,1,10000
213524.0,4,1,1,10000
213561.0,4,1,1,10000
213562.0,7,2,17,17
213574.0,4,1,1,10000
213575.0,8,2,5,5
213581.0,8,2,19,19
213584.0,4,1,1,10000
213585.0,8,2,31,31
213613.0,63,11,12,2
213614.0,4,1,1,10000
213616.0,7,2,17,17
213656.0,4,1,1,10000
213663.0,4,1,1,10000
213690.0,4,1,1,10000
213691.0,4,1,1,10000
213693.0,4,1,1,10000
213731.0,8,2,1,1
213756.0,7,2,1,1
213757.0,9,2,5,5
213758.0,7,2,1,1
213759.0,5,2,21,21
213766.0,4,1,3,10000
213777.0,8,2,19,19
213793.0,6,2,21,21
213809.0,4,1,1,10000
213810.0,4,1,1,10000
213811.0,4,1,1,10000
213812.0,2,1,1,10000
213832.0,8,2,23,23
213840.0,4,1,1,10000
213841.0,4,1,3,10000
213869.0,4,1,1,10000
213870.0,4,1,3,10000
213871.0,4,1,1,10000
213872.0,2,1,1,10000
213893.0,4,1,1,10000
213894.0,4,1,1,10000
213903.0,4,1,1,10000
213910.0,2,1,1,10000
213930.0,4,1,1,10000
213937.0,4,1,1,10000
213938.0,10,2,4,4
213940.0,4,1,1,10000
213941.0,4,1,1,10000
213970.0,2,1,1,10000
213992.0,3,1,1,10000
213993.0,4,1,1,10000
213994.0,6,2,1,1
213995.0,4,1,1,10000
214006.0,11,3,40,39
214007.0,3,1,1,10000
214026.0,8,2,21,21
214031.0,2,1,1,10000
214032.0,2,1,1,10000
214033.0,4,1,1,10000
214045.0,4,1,1,10000
214073.0,7,2,1,1
214074.0,4,1,1,10000
214075.0,3,1,1,10000
214095.0,9,2,11,11
214096.0,2,1,1,10000
214097.0,4,1,1,10000
214108.0,4,1,1,10000
214109.0,4,1,1,10000
214110.0,4,1,1,10000
214111.0,4,1,1,10000
214140.0,2,1,1,10000
214151.0,4,1,1,10000
214158.0,4,1,1,10000
214160.0,3,1,1,10000
214176.0,2,1,1,10000
214177.0,3,1,1,10000
214179.0,3,1,1,10000
214191.0,3,1,1,10000
214192.0,3,1,1,10000
214239.0,4,1,1,10000
214259.0,4,1,1,10000
214272.0,3,1,3,10000
214281.0,2,1,1,10000
214282.0,3,1,1,10000
214298.0,3,1,1,10000
214299.0,4,1,2,10000
214300.0,3,1,1,10000
214313.0,2,1,1,10000
214319.0,3,1,1,10000
214328.0,8,2,6,6
214329.0,3,1,3,10000
214353.0,4,1,1,10000
214354.0,4,1,1,10000
214355.0,4,1,1,10000
214356.0,4,1,1,10000
214357.0,4,1,1,10000
214360.0,8,2,13,13
214361.0,4,1,3,10000
214385.0,2,1,1,10000
214399.0,4,1,1,10000
214400.0,3,1,2,10000
214402.0,3,1,1,10000
214403.0,3,1,1,10000
214404.0,9,2,13,13
214437.0,4,1,1,10000
214438.0,3,1,1,10000
214454.0,8,2,1,1
214455.0,8,2,1,1
214456.0,10,2,10,10
214465.0,4,1,1,10000
214488.0,4,1,1,10000
214489.0,4,1,1,10000
214490.0,4,1,1,10000
214504.0,6,2,1,1
214546.0,4,1,1,10000
214556.0,4,1,1,10000
214557.0,4,1,1,10000
214560.0,4,1,1,10000
214561.0,4,1,1,10000
214562.0,4,1,1,10000
214581.0,8,2,1,1
214582.0,11,3,1,1
214585.0,8,2,1,1
214586.0,11,3,2,1
214591.0,4,1,1,10000
214595.0,4,1,1,10000
214596.0,13,4,1,1
214597.0,8,2,1,1
214598.0,4,1,1,10000
214599.0,8,2,1,1
214600.0,3,1,1,10000
214601.0,13,3,3,1
214602.0,4,1,1,10000
214607.0,4,1,1,10000
214641.0,4,1,1,10000
214642.0,4,1,1,10000
214643.0,4,1,3,10000
214644.0,4,1,1,10000
214663.0,4,1,1,10000
214666.0,4,1,1,10000
214667.0,4,1,2,10000
214668.0,8,2,1,1
214678.0,6,2,1,1
214679.0,5,2,1,1
214680.0,4,1,1,10000
214681.0,4,1,1,10000
214700.0,4,1,1,10000
214705.0,4,1,1,10000
214706.0,3,1,1,10000
214708.0,4,1,1,10000
214743.0,7,2,2,2
214744.0,4,1,1,10000
214745.0,4,1,1,10000
214746.0,4,1,1,10000
214747.0,4,1,2,10000
214769.0,4,1,1,10000
214789.0,3,1,1,10000
214790.0,6,2,1,1
214791.0,4,1,1,10000
214793.0,4,1,3,10000
214817.0,4,1,1,10000
214818.0,10,2,17,17
214819.0,4,1,1,10000
214820.0,4,1,3,10000
214824.0,4,1,1,10000
214825.0,4,1,1,10000
214833.0,4,1,1,10000
214834.0,4,1,1,10000
214855.0,7,2,22,22
214859.0,12,3,3,3
214861.0,13,3,3,1
214894.0,4,1,1,10000
214895.0,6,2,1,1
214907.0,15,3,11,1
214908.0,4,1,1,10000
214909.0,4,1,1,10000
214910.0,3,1,1,10000
214916.0,3,1,1,10000
214917.0,4,1,1,10000
214922.0,4,1,1,10000
214923.0,4,1,1,10000
214925.0,4,1,1,10000
214946.0,9,3,38,1
214947.0,14,3,7,2
214951.0,11,3,1,1
214964.0,4,1,1,10000
214965.0,4,1,1,10000
214966.0,4,1,1,10000
214967.0,6,2,2,2
214969.0,4,1,1,10000
214978.0,4,1,2,10000
214984.0,4,1,1,10000
214985.0,4,1,1,10000
214992.0,8,2,1,1
214993.0,4,1,1,10000
214994.0,4,1,1,10000
214996.0,4,1,1,10000
214998.0,4,1,1,10000
215025.0,4,1,1,10000
215026.0,4,1,1,10000
215029.0,2,1,1,10000
215051.0,8,2,27,27
215052.0,4,1,1,10000
215053.0,2,1,1,10000
215067.0,4,2,57,57
215068.0,10,2,26,26
215070.0,4,1,1,10000
215071.0,4,1,3,10000
215099.0,4,1,1,10000
215115.0,2,1,1,10000
215132.0,2,1,1,10000
215133.0,4,1,1,10000
215142.0,4,1,1,10000
215143.0,5,2,1,1
215145.0,8,2,3,3
215167.0,3,1,1,10000
215168.0,4,1,1,10000
215170.0,4,1,1,10000
215171.0,4,1,1,10000
215172.0,8,2,14,14
215173.0,4,1,1,10000
215201.0,4,1,1,10000
215202.0,6,2,35,35
215232.0,4,1,1,10000
215238.0,3,1,1,10000
215240.0,4,1,1,10000
215252.0,4,1,1,10000
215256.0,3,1,1,10000
215268.0,7,2,1,1
215279.0,4,1,3,10000
215280.0,4,1,1,10000
215281.0,8,2,1,1
215298.0,9,2,6,6
215299.0,4,1,1,10000
215300.0,4,1,1,10000
215319.0,8,2,1,1
215320.0,4,1,1,10000
215324.0,4,1,1,10000
215338.0,9,2,26,26
215339.0,4,1,2,10000
215341.0,4,1,1,10000
215342.0,4,1,1,10000
215343.0,8,2,2,2
215367.0,4,1,1,10000
215373.0,4,1,1,10000
215374.0,4,1,1,10000
215387.0,9,2,4,4
215388.0,4,1,3,10000
215406.0,4,1,1,10000
215407.0,6,2,54,54
215408.0,3,1,1,10000
215421.0,4,1,1,10000
215422.0,4,1,1,10000
215423.0,4,1,1,10000
215425.0,4,1,1,10000
215441.0,7,2,15,15
215442.0,4,1,1,10000
215443.0,8,2,1,1
215444.0,12,3,13,3
215445.0,4,1,3,10000
215446.0,4,1,1,10000
215447.0,17,3,9,1
215448.0,4,1,1,10000
215451.0,16,3,9,1
215455.0,4,1,1,10000
215476.0,4,1,1,10000
215483.0,4,1,1,10000
215484.0,4,1,1,10000
215487.0,6,2,1,1
215489.0,13,3,18,17
215499.0,7,2,2,2
215511.0,4,1,1,10000
215516.0,4,1,1,10000
215517.0,3,1,1,10000
215519.0,4,1,1,10000
215523.0,4,1,1,10000
215524.0,4,1,1,10000
215543.0,4,1,1,10000
215544.0,4,1,2,10000
215558.0,9,2,4,4
215559.0,4,1,1,10000
215560.0,4,1,1,10000
215562.0,4,1,1,10000
215577.0,4,1,1,10000
215579.0,4,1,1,10000
215609.0,4,1,1,10000
215618.0,8,2,1,1
215619.0,8,2,1,1
215620.0,4,1,1,10000
215622.0,11,3,36,19
215623.0,4,1,1,10000
215636.0,8,2,10,10
215640.0,8,2,11,11
215660.0,4,1,1,10000
215668.0,4,1,1,10000
215679.0,4,1,3,10000
215681.0,4,1,3,10000
215683.0,4,1,1,10000
215693.0,8,2,1,1
215694.0,4,2,28,28
215695.0,8,2,1,1
215697.0,4,1,1,10000
215722.0,4,1,1,10000
215723.0,4,1,1,10000
215747.0,3,1,5,10000
215761.0,9,2,2,2
215803.0,4,1,1,10000
215804.0,4,1,1,10000
215819.0,4,1,1,10000
215821.0,8,2,12,12
215822.0,8,2,9,9
215823.0,8,2,4,4
215824.0,5,2,1,1
215825.0,4,1,1,10000
215844.0,7,2,36,36
215845.0,4,1,1,10000
215846.0,8,2,1,1
215847.0,8,2,1,1
215848.0,4,1,1,10000
215859.0,4,1,3,10000
215877.0,4,1,1,10000
215928.0,4,1,1,10000
215933.0,11,3,6,2
215938.0,4,1,1,10000
215940.0,8,2,1,1
215942.0,8,2,1,1
215943.0,4,1,1,10000
215946.0,10,2,31,31
215954.0,4,1,1,10000
215979.0,4,1,1,10000
215981.0,6,2,26,26
215982.0,6,2,1,1
215983.0,4,1,1,10000
215984.0,4,1,1,10000
216005.0,8,2,20,20
216006.0,9,2,26,26
216007.0,4,1,1,10000
216023.0,6,2,30,30
216024.0,4,1,1,10000
216025.0,4,1,1,10000
216026.0,4,1,1,10000
216027.0,3,1,4,10000
216028.0,7,2,19,19
216029.0,4,1,1,10000
216059.0,4,1,1,10000
216061.0,4,1,1,10000
216072.0,9,2,5,5
216073.0,4,1,1,10000
216074.0,4,1,1,10000
216075.0,12,3,5,2
216076.0,4,1,1,10000
216077.0,4,1,1,10000
216078.0,4,1,1,10000
216080.0,4,1,1,10000
216083.0,3,1,1,10000
216104.0,4,1,1,10000
216125.0,4,1,1,10000
216142.0,8,2,31,31
216143.0,4,1,1,10000
216144.0,4,1,6,10000
216145.0,4,1,1,10000
216146.0,6,2,1,1
216149.0,6,2,1,1
216150.0,4,1,1,10000
216153.0,3,1,1,10000
216154.0,3,1,1,10000
216175.0,4,1,1,10000
216176.0,4,1,1,10000
216177.0,7,2,15,15
216178.0,4,1,1,10000
216179.0,4,1,1,10000
216180.0,3,1,1,10000
216189.0,7,2,40,40
216192.0,4,1,1,10000
216210.0,8,2,2,2
216218.0,4,1,3,10000
216219.0,8,2,13,13
216222.0,4,1,1,10000
216223.0,4,1,1,10000
216224.0,9,2,13,13
216238.0,4,1,1,10000
216240.0,4,1,1,10000
216253.0,4,1,1,10000
216263.0,4,1,1,10000
216272.0,1,1,1,10000
216275.0,4,1,3,10000
216276.0,4,1,1,10000
216277.0,4,1,1,10000
216278.0,4,1,2,10000
216298.0,3,1,5,10000
216299.0,11,3,2,1
216300.0,4,2,50,50
216302.0,9,3,7,2
216328.0,4,1,1,10000
216329.0,4,1,1,10000
216346.0,9,2,8,8
216352.0,4,1,1,10000
216353.0,8,2,1,1
216354.0,15,3,5,1
216379.0,4,1,1,10000
216380.0,6,2,1,1
216381.0,4,1,1,10000
216384.0,3,1,1,10000
216385.0,8,2,1,1
216386.0,4,1,1,10000
216408.0,12,3,2,1
216409.0,13,4,2,1
216410.0,4,1,3,10000
216411.0,4,1,1,10000
216413.0,7,2,19,19
216414.0,4,1,4,10000
216429.0,4,1,1,10000
216430.0,4,1,1,10000
216431.0,4,1,1,10000
216434.0,3,1,1,10000
216435.0,3,1,1,10000
216461.0,4,1,1,10000
216469.0,12,3,20,4
216500.0,4,1,1,10000
216501.0,4,1,1,10000
216535.0,4,1,1,10000
216557.0,4,1,1,10000
216559.0,9,2,29,29
216591.0,6,2,1,1
216595.0,4,1,1,10000
216596.0,3,1,1,10000
216600.0,4,1,1,10000
227529.0,4,1,1,10000
227543.0,4,1,3,10000
227583.0,4,1,1,10000
227622.0,4,1,1,10000
227685.0,3,1,1,10000
227687.0,4,1,1,10000
227695.0,4,1,1,10000
227696.0,4,1,1,10000
227698.0,4,1,1,10000
227700.0,7,2,1,1
227701.0,4,1,1,10000
227703.0,2,1,1,10000
227716.0,3,1,1,10000
227730.0,4,1,1,10000
227731.0,9,2,12,12
227732.0,7,2,2,2
227733.0,4,1,1,10000
227734.0,4,1,1,10000
227735.0,2,1,1,10000
227743.0,7,2,1,1
227744.0,4,1,1,10000
227745.0,4,1,1,10000
227770.0,4,1,1,10000
227780.0,4,1,1,10000
227788.0,4,1,1,10000
227793.0,3,1,1,10000
227794.0,4,1,1,10000
227795.0,4,1,3,10000
227805.0,9,2,5,5
227806.0,7,2,1,1
227820.0,4,1,1,10000
227823.0,4,1,1,10000
227824.0,4,1,1,10000
227844.0,4,1,1,10000
227849.0,4,1,1,10000
227850.0,2,1,1,10000
227857.0,4,1,1,10000
227867.0,4,1,1,10000
227870.0,8,2,1,1
227871.0,4,1,1,10000
227912.0,4,1,1,10000
227913.0,3,1,1,10000
227914.0,4,2,34,34
227924.0,7,2,1,1
227925.0,8,2,1,1
227927.0,4,1,1,10000
227928.0,4,1,1,10000
227937.0,4,1,1,10000
227938.0,8,2,12,12
227942.0,4,1,4,10000
227950.0,4,1,1,10000
227973.0,4,1,3,10000
227996.0,42,9,11,4
228029.0,4,1,1,10000
228030.0,4,1,1,10000
228031.0,4,1,1,10000
228032.0,4,1,1,10000
228033.0,10,2,27,27
228034.0,4,1,1,10000
228054.0,4,1,1,10000
228063.0,4,1,1,10000
228064.0,4,1,1,10000
228073.0,4,1,1,10000
228074.0,4,1,1,10000
228079.0,2,1,1,10000
228082.0,4,1,1,10000
228096.0,4,1,1,10000
228097.0,4,1,1,10000
228098.0,4,1,1,10000
228107.0,4,1,1,10000
228108.0,10,2,23,23
228109.0,7,2,43,43
228110.0,4,1,1,10000
228114.0,3,1,1,10000
228116.0,8,2,17,17
228119.0,4,1,1,10000
228121.0,3,1,1,10000
228139.0,4,1,1,10000
228140.0,2,1,1,10000
228141.0,4,1,1,10000
228166.0,4,1,1,10000
228179.0,8,2,15,15
228180.0,2,1,1,10000
228203.0,4,1,1,10000
228204.0,3,1,1,10000
228213.0,4,1,7,10000
228214.0,4,1,1,10000
228226.0,4,1,1,10000
228228.0,3,1,1,10000
228230.0,4,1,1,10000
228241.0,4,1,1,10000
228279.0,4,1,1,10000
228283.0,4,1,1,10000
228286.0,4,1,1,10000
228294.0,7,2,20,20
228295.0,4,1,1,10000
228296.0,4,1,1,10000
228298.0,4,1,1,10000
228314.0,8,2,15,15
228317.0,2,1,1,10000
228318.0,7,2,14,14
228334.0,8,2,1,1
228340.0,4,1,1,10000
228341.0,4,1,7,10000
228346.0,4,1,1,10000
228355.0,9,2,12,12
228356.0,4,1,1,10000
228357.0,4,1,1,10000
228358.0,9,2,4,4
228387.0,2,1,1,10000
228388.0,8,2,9,9
228401.0,2,1,1,10000
228403.0,2,1,1,10000
228404.0,4,1,1,10000
228412.0,17,3,29,11
228414.0,4,1,1,10000
228415.0,2,1,1,10000
228439.0,3,1,1,10000
228461.0,3,1,1,10000
228462.0,13,3,23,12
228467.0,8,2,12,12
228470.0,8,2,10,10
228481.0,4,1,3,10000
228491.0,4,1,1,10000
228492.0,8,2,15,15
228494.0,3,1,1,10000
228515.0,4,1,1,10000
228516.0,4,1,1,10000
228517.0,4,1,1,10000
228526.0,8,2,1,1
228527.0,8,2,1,1
228538.0,4,1,1,10000
228539.0,4,1,1,10000
228554.0,4,1,1,10000
228555.0,2,1,1,10000
228556.0,4,1,1,10000
228557.0,1,1,8,10000
228572.0,4,1,1,10000
228586.0,8,2,9,9
228588.0,4,1,1,10000
228589.0,4,1,1,10000
228590.0,7,2,1,1
228591.0,4,1,1,10000
228592.0,4,1,1,10000
228593.0,4,1,1,10000
228610.0,4,1,1,10000
228612.0,4,1,1,10000
228628.0,8,2,1,1
228629.0,12,3,14,1
228630.0,11,3,21,12
228653.0,4,1,1,10000
228664.0,4,1,1,10000
228665.0,3,1,1,10000
228671.0,2,1,1,10000
228672.0,4,1,1,10000
228673.0,4,1,1,10000
228674.0,4,1,1,10000
228675.0,8,2,13,13
228692.0,3,1,1,10000
228693.0,3,1,1,10000
228714.0,4,1,1,10000
228721.0,3,1,1,10000
228728.0,8,2,5,5
228747.0,4,1,1,10000
228748.0,4,1,3,10000
228749.0,4,1,4,10000
228750.0,14,3,15,2
228773.0,3,1,1,10000
228780.0,4,1,1,10000
228781.0,4,1,1,10000
228789.0,4,1,3,10000
228790.0,4,1,1,10000
228797.0,12,3,1,1
228798.0,12,3,1,1
228799.0,12,3,1,1
228818.0,9,2,3,3
228819.0,4,1,1,10000
228820.0,14,3,15,2
228823.0,3,1,1,10000
228828.0,3,1,1,10000
228829.0,4,1,1,10000
228831.0,4,1,1,10000
228832.0,4,1,1,10000
228833.0,4,1,3,10000
228844.0,4,1,1,10000
228846.0,4,1,1,10000
228872.0,4,1,1,10000
228884.0,4,1,2,10000
228885.0,4,1,1,10000
228886.0,4,1,1,10000
228888.0,2,1,1,10000
228908.0,4,1,2,10000
228939.0,4,1,1,10000
228954.0,4,1,3,10000
228955.0,4,1,6,10000
228956.0,14,3,23,15
228968.0,4,1,1,10000
228982.0,4,1,1,10000
228983.0,4,1,1,10000
229001.0,3,1,1,10000
229003.0,4,1,1,10000
229004.0,4,1,3,10000
229008.0,4,1,2,10000
229022.0,4,1,1,10000
229023.0,4,1,1,10000
229024.0,4,1,1,10000
229025.0,4,1,1,10000
229032.0,4,1,1,10000
229033.0,4,1,1,10000
229034.0,4,1,1,10000
229050.0,4,1,2,10000
229051.0,10,3,17,14
229052.0,4,1,1,10000
229053.0,4,1,3,10000
229054.0,6,2,18,18
229057.0,4,1,1,10000
229058.0,4,1,1,10000
229076.0,3,1,1,10000
229084.0,8,2,1,1
229085.0,4,1,1,10000
229086.0,4,1,1,10000
229087.0,4,1,1,10000
229107.0,4,1,1,10000
229108.0,4,1,3,10000
229109.0,4,1,1,10000
229121.0,10,2,4,4
229122.0,3,1,1,10000
229123.0,4,1,1,10000
229124.0,4,1,1,10000
229125.0,3,1,1,10000
229126.0,4,1,1,10000
229138.0,4,1,1,10000
229139.0,4,1,3,10000
229159.0,6,2,1,1
229160.0,9,2,5,5
229161.0,7,2,17,17
229162.0,4,1,1,10000
229163.0,7,2,2,2
229177.0,7,2,1,1
229190.0,4,1,1,10000
229204.0,4,1,1,10000
229208.0,3,1,1,10000
229209.0,57,13,13,5
229210.0,4,1,1,10000
229217.0,4,1,1,10000
229218.0,7,2,2,2
229219.0,6,2,1,1
229221.0,4,1,1,10000
229222.0,9,2,18,18
229249.0,4,1,1,10000
229252.0,4,1,1,10000
229253.0,4,1,1,10000
229254.0,4,1,1,10000
229264.0,4,1,1,10000
229265.0,4,1,1,10000
229266.0,4,1,1,10000
229274.0,8,2,12,12
229276.0,4,1,1,10000
229277.0,3,1,1,10000
229280.0,4,1,1,10000
229298.0,4,1,1,10000
229299.0,9,2,10,10
229322.0,4,1,1,10000
229328.0,4,1,1,10000
229329.0,4,1,1,10000
229330.0,4,1,1,10000
229331.0,8,2,1,1
229332.0,4,1,1,10000
229334.0,4,1,4,10000
229335.0,7,2,1,1
229336.0,4,1,1,10000
229360.0,4,1,1,10000
229367.0,4,1,1,10000
229371.0,4,1,1,10000
229387.0,10,2,21,21
229389.0,2,1,1,10000
229405.0,4,1,1,10000
229406.0,4,1,1,10000
229408.0,4,1,1,10000
229409.0,2,1,1,10000
229410.0,2,1,1,10000
229411.0,2,1,1,10000
229432.0,4,1,1,10000
229433.0,4,1,1,10000
229434.0,2,1,1,10000
229442.0,4,1,1,10000
229444.0,4,1,1,10000
229446.0,4,1,1,10000
229447.0,4,1,1,10000
229449.0,4,1,1,10000
229461.0,9,2,3,3
229475.0,9,3,18,14
229477.0,4,1,1,10000
229498.0,4,1,1,10000
229519.0,4,1,1,10000
229521.0,4,1,1,10000
229537.0,4,1,1,10000
229559.0,4,1,1,10000
229574.0,8,2,3,3
229575.0,4,1,1,10000
229576.0,6,2,1,1
229580.0,4,1,1,10000
229581.0,4,1,1,10000
229598.0,4,1,1,10000
229599.0,7,2,22,22
229606.0,4,1,1,10000
229619.0,4,1,1,10000
229621.0,3,1,1,10000
229622.0,4,1,1,10000
229623.0,4,1,1,10000
229652.0,4,1,1,10000
229654.0,8,2,13,13
229663.0,4,1,1,10000
229665.0,4,1,1,10000
229674.0,4,1,1,10000
229696.0,4,1,6,10000
229697.0,4,1,1,10000
229709.0,4,1,1,10000
229710.0,4,1,2,10000
229711.0,8,2,33,33
229712.0,6,2,23,23
229713.0,8,2,1,1
229718.0,4,1,1,10000
229721.0,4,1,1,10000
229742.0,4,1,1,10000
229751.0,4,1,1,10000
229752.0,4,1,1,10000
229753.0,4,1,1,10000
229765.0,3,1,1,10000
229766.0,8,2,4,4
229767.0,4,1,1,10000
229769.0,8,2,1,1
229770.0,4,1,1,10000
229793.0,4,1,1,10000
229803.0,7,2,1,1
229804.0,2,1,1,10000
229810.0,4,1,1,10000
229814.0,4,1,1,10000
229815.0,3,1,8,10000
229841.0,4,1,1,10000
229852.0,4,1,1,10000
229853.0,4,1,1,10000
229860.0,6,2,23,23
229861.0,4,1,3,10000
229862.0,7,2,22,22
229897.0,8,2,9,9
229898.0,8,2,1,1
229899.0,8,2,1,1
229900.0,8,2,13,13
229902.0,4,1,1,10000
229903.0,3,1,1,10000
229923.0,2,1,4,10000
229934.0,4,1,1,10000
229935.0,4,1,1,10000
229937.0,4,1,1,10000
229940.0,4,1,1,10000
229941.0,4,1,1,10000
229955.0,4,1,6,10000
229958.0,9,2,4,4
229959.0,2,1,1,10000
229967.0,7,2,3,3
229968.0,6,2,2,2
229970.0,4,1,1,10000
229988.0,4,1,1,10000
229998.0,4,1,1,10000
229999.0,4,1,1,10000
230007.0,8,2,1,1
230008.0,3,1,1,10000
230009.0,4,1,1,10000
230010.0,4,1,1,10000
230011.0,4,1,1,10000
230017.0,7,2,1,1
230032.0,4,1,1,10000
230033.0,4,1,1,10000
230034.0,4,1,1,10000
230055.0,7,2,1,1
230057.0,4,1,1,10000
230059.0,4,1,1,10000
230060.0,2,1,1,10000
230078.0,4,1,1,10000
230079.0,13,3,3,1
230080.0,4,1,3,10000
230082.0,4,1,1,10000
230083.0,4,1,1,10000
230084.0,4,1,1,10000
230088.0,4,1,1,10000
230091.0,4,1,1,10000
230108.0,3,1,1,10000
230115.0,4,1,1,10000
230120.0,4,1,1,10000
230121.0,4,1,1,10000
230122.0,2,1,1,10000
230130.0,5,2,13,13
230148.0,4,1,1,10000
230149.0,4,1,1,10000
230150.0,9,2,40,40
230164.0,8,2,21,21
230165.0,4,1,1,10000
230173.0,6,2,15,15
230174.0,4,1,1,10000
230175.0,4,1,1,10000
230176.0,4,1,1,10000
230186.0,4,1,3,10000
230204.0,4,1,1,10000
230215.0,4,1,1,10000
230216.0,4,1,1,10000
230218.0,16,3,3,1
230242.0,7,2,19,19
230249.0,4,1,1,10000
230282.0,3,1,1,10000
230284.0,4,1,1,10000
230286.0,8,2,1,1
230287.0,7,2,3,3
230288.0,2,1,1,10000
230291.0,9,2,28,28
230292.0,4,1,1,10000
230303.0,4,1,1,10000
230304.0,4,1,1,10000
230305.0,9,2,7,7
230306.0,3,1,1,10000
230307.0,8,2,1,1
230335.0,4,1,1,10000
230342.0,4,1,1,10000
230355.0,3,1,1,10000
230356.0,4,1,1,10000
230375.0,4,1,1,10000
230389.0,4,1,1,10000
230413.0,4,1,1,10000
230414.0,4,1,1,10000
230415.0,3,1,1,10000
230417.0,4,1,2,10000
230423.0,3,1,1,10000
230427.0,4,1,1,10000
230428.0,4,1,1,10000
230432.0,4,1,1,10000
230452.0,7,2,17,17
230453.0,8,2,25,25
230454.0,4,1,1,10000
230455.0,4,1,1,10000
230491.0,7,2,1,1
230505.0,4,1,3,10000
230507.0,7,2,1,1
230508.0,8,2,1,1
230519.0,4,1,1,10000
230521.0,45,9,10,1
230523.0,3,1,1,10000
230526.0,44,9,10,1
230555.0,4,1,1,10000
230567.0,4,1,1,10000
230568.0,3,1,1,10000
230614.0,3,1,1,10000
230626.0,9,2,11,11
230627.0,4,1,1,10000
230628.0,7,2,1,1
230629.0,7,2,1,1
230644.0,3,1,1,10000
230645.0,4,1,1,10000
230647.0,4,1,1,10000
230658.0,4,1,1,10000
230689.0,4,1,1,10000
230703.0,7,2,1,1
230704.0,3,1,1,10000
230705.0,3,1,1,10000
230706.0,9,2,7,7
230743.0,3,1,1,10000
230745.0,29,7,35,1
230747.0,29,7,35,1
230753.0,4,1,1,10000
240915.0,4,1,1,10000
240916.0,4,1,1,10000
240917.0,2,1,1,10000
240950.0,4,1,1,10000
240983.0,4,1,1,10000
240984.0,4,1,1,10000
240985.0,4,1,1,10000
240986.0,3,1,1,10000
240987.0,4,1,1,10000
240988.0,9,2,27,27
241011.0,4,1,1,10000
241012.0,4,1,1,10000
241046.0,4,1,1,10000
241047.0,4,1,1,10000
241048.0,4,1,1,10000
241059.0,2,1,1,10000
241061.0,4,1,1,10000
241087.0,4,1,1,10000
241130.0,4,1,1,10000
241132.0,4,1,1,10000
241136.0,4,1,1,10000
241169.0,4,1,1,10000
241190.0,4,1,1,10000
241191.0,4,1,1,10000
241213.0,4,1,1,10000
241214.0,3,1,1,10000
241233.0,2,1,1,10000
241241.0,4,1,1,10000
241242.0,4,1,1,10000
241243.0,9,2,7,7
241246.0,4,1,1,10000
241264.0,4,1,1,10000
241266.0,4,1,1,10000
241267.0,4,1,1,10000
241268.0,4,1,1,10000
241285.0,4,1,1,10000
241286.0,4,1,1,10000
241287.0,4,1,1,10000
241314.0,2,1,1,10000
241315.0,4,1,1,10000
241317.0,3,1,1,10000
241326.0,43,10,10,1
241328.0,46,10,10,1
241330.0,3,1,1,10000
241331.0,3,1,1,10000
241332.0,2,1,1,10000
241333.0,4,1,1,10000
241335.0,7,2,3,3
241336.0,9,2,9,9
241356.0,4,1,1,10000
241357.0,4,1,3,10000
241372.0,4,1,1,10000
241393.0,3,1,1,10000
241396.0,4,1,1,10000
241398.0,2,1,1,10000
241399.0,4,1,1,10000
241427.0,2,1,1,10000
241428.0,4,1,1,10000
241431.0,4,1,1,10000
241433.0,8,2,1,1
241434.0,4,1,1,10000
241435.0,4,1,1,10000
241436.0,4,1,1,10000
241438.0,3,1,7,10000
241465.0,4,1,1,10000
241481.0,2,1,1,10000
241482.0,4,1,1,10000
241483.0,4,1,1,10000
241484.0,8,2,1,1
241486.0,8,2,1,1
241518.0,4,1,1,10000
241520.0,4,1,1,10000
241542.0,4,1,1,10000
241543.0,4,1,1,10000
241544.0,4,1,2,10000
241560.0,4,1,1,10000
241585.0,4,1,1,10000
241597.0,4,1,1,10000
241607.0,4,1,1,10000
241609.0,9,2,6,6
241648.0,10,2,22,22
241649.0,4,1,1,10000
241650.0,4,1,1,10000
241665.0,4,1,1,10000
241680.0,4,1,1,10000
241681.0,4,1,1,10000
241682.0,4,1,1,10000
241703.0,4,1,1,10000
241704.0,4,1,1,10000
241705.0,5,2,33,33
241730.0,4,1,1,10000
241731.0,4,1,1,10000
241734.0,6,2,34,34
241750.0,4,1,1,10000
241754.0,4,1,1,10000
241779.0,4,1,1,10000
241780.0,4,1,1,10000
241805.0,6,2,33,33
241806.0,3,1,2,10000
241818.0,3,1,1,10000
241819.0,10,2,27,27
241840.0,4,1,1,10000
241841.0,4,1,1,10000
241862.0,4,1,1,10000
241873.0,6,2,37,37
241887.0,2,1,1,10000
241892.0,4,1,1,10000
241894.0,4,1,1,10000
241907.0,4,1,1,10000
241908.0,2,1,1,10000
241912.0,10,2,13,13
241913.0,4,1,1,10000
241928.0,4,1,1,10000
241929.0,3,1,1,10000
241930.0,3,1,1,10000
241945.0,4,1,1,10000
241962.0,4,1,1,10000
241966.0,2,1,1,10000
241967.0,4,1,1,10000
241977.0,8,2,1,1
241978.0,7,2,1,1
241979.0,4,1,1,10000
241984.0,7,2,23,23
241987.0,6,2,5,5
241989.0,4,1,1,10000
241990.0,8,2,6,6
242015.0,3,1,1,10000
242016.0,3,1,1,10000
242017.0,6,2,1,1
242018.0,6,2,1,1
242036.0,5,2,1,1
242037.0,4,1,1,10000
242038.0,4,1,1,10000
242039.0,4,1,3,10000
242041.0,8,2,1,1
242063.0,4,1,1,10000
242085.0,4,1,1,10000
242086.0,4,1,1,10000
242100.0,7,2,1,1
242110.0,8,2,2,2
242131.0,4,1,1,10000
242132.0,4,1,1,10000
242133.0,4,1,1,10000
242134.0,4,1,3,10000
242151.0,3,1,1,10000
242152.0,4,1,1,10000
242154.0,4,1,1,10000
242155.0,4,1,1,10000
242173.0,4,1,1,10000
242174.0,4,1,3,10000
242175.0,6,2,1,1
242177.0,7,2,1,1
242195.0,4,1,1,10000
242196.0,4,1,1,10000
242211.0,3,1,1,10000
242212.0,2,1,1,10000
242217.0,4,1,1,10000
242219.0,4,1,2,10000
242220.0,3,1,1,10000
242224.0,4,1,1,10000
242231.0,4,1,1,10000
242237.0,4,1,1,10000
242238.0,4,1,1,10000
242240.0,4,1,1,10000
242256.0,4,1,1,10000
242257.0,4,1,1,10000
242286.0,3,1,1,10000
242288.0,4,1,3,10000
242295.0,4,1,1,10000
242310.0,4,1,1,10000
242312.0,8,2,1,1
242313.0,8,2,1,1
242315.0,4,1,1,10000
242317.0,4,1,1,10000
242325.0,4,1,1,10000
242328.0,4,1,2,10000
242347.0,4,1,1,10000
242348.0,4,2,56,56
242349.0,4,1,1,10000
242350.0,4,1,1,10000
242352.0,4,1,1,10000
242371.0,4,1,1,10000
242384.0,4,1,1,10000
242390.0,4,1,1,10000
242391.0,4,1,1,10000
242392.0,8,2,1,1
242393.0,19,5,37,33
242394.0,4,1,1,10000
242395.0,7,2,21,21
242396.0,8,2,1,1
242421.0,4,1,1,10000
242433.0,9,2,5,5
242434.0,7,2,3,3
242435.0,4,1,1,10000
242437.0,4,1,1,10000
242456.0,9,2,3,3
242457.0,5,2,1,1
242459.0,9,2,6,6
242481.0,3,1,1,10000
242482.0,4,1,1,10000
242496.0,15,3,17,1
242498.0,10,2,17,17
242499.0,15,3,17,1
242500.0,4,1,1,10000
242515.0,6,2,20,20
242517.0,4,1,1,10000
242518.0,4,1,1,10000
242519.0,7,2,15,15
242520.0,4,1,1,10000
242521.0,4,1,1,10000
242522.0,3,1,8,10000
242535.0,11,2,18,18
242546.0,4,1,1,10000
242547.0,4,1,1,10000
242556.0,4,1,1,10000
242557.0,4,1,2,10000
242566.0,4,1,1,10000
242598.0,4,1,1,10000
242604.0,4,1,1,10000
242621.0,9,2,22,22
242623.0,4,1,1,10000
242638.0,4,1,2,10000
242639.0,4,1,1,10000
242640.0,4,1,1,10000
242641.0,8,2,2,2
242642.0,4,1,4,10000
242644.0,4,1,1,10000
242645.0,4,1,2,10000
242647.0,8,2,1,1
242677.0,4,1,1,10000
242678.0,7,2,1,1
242679.0,4,1,3,10000
242693.0,4,1,1,10000
242694.0,4,1,1,10000
242696.0,4,1,1,10000
242716.0,4,1,1,10000
242717.0,3,1,1,10000
242718.0,4,1,1,10000
242719.0,8,2,1,1
242743.0,4,1,1,10000
242744.0,4,1,1,10000
242747.0,4,1,1,10000
242757.0,8,2,22,22
242758.0,4,1,1,10000
242784.0,4,1,1,10000
242785.0,4,1,1,10000
242786.0,8,2,3,3
242787.0,4,1,1,10000
242789.0,7,2,1,1
242809.0,7,2,1,1
242810.0,4,1,1,10000
242811.0,3,2,56,56
242812.0,4,1,1,10000
242813.0,3,1,1,10000
242814.0,4,1,1,10000
242815.0,3,1,1,10000
242816.0,7,2,1,1
242837.0,3,1,1,10000
242838.0,1,1,14,10000
242839.0,10,2,20,20
242840.0,3,1,1,10000
242841.0,13,3,17,17
242860.0,2,1,1,10000
242862.0,10,2,40,40
242863.0,67,13,15,3
242865.0,8,2,28,28
242866.0,4,1,1,10000
242867.0,8,2,28,28
242882.0,4,1,1,10000
242883.0,4,1,1,10000
242884.0,4,1,1,10000
242885.0,4,1,1,10000
242886.0,10,2,6,6
242887.0,10,2,5,5
242890.0,4,1,1,10000
242908.0,4,1,1,10000
242919.0,4,1,2,10000
242920.0,4,1,1,10000
242929.0,4,1,1,10000
242930.0,4,1,1,10000
242939.0,7,2,31,31
242940.0,4,1,1,10000
242942.0,7,2,4,4
242943.0,10,2,3,3
242944.0,4,1,1,10000
242966.0,4,1,1,10000
242967.0,4,1,1,10000
242969.0,4,1,1,10000
242970.0,2,1,3,10000
242973.0,4,1,1,10000
242984.0,7,2,5,5
242985.0,4,1,1,10000
242986.0,4,1,1,10000
242987.0,8,2,1,1
242989.0,4,1,1,10000
242990.0,8,2,1,1
243007.0,8,2,13,13
243018.0,4,1,1,10000
243030.0,7,2,1,1
243031.0,7,2,1,1
243035.0,4,1,1,10000
243040.0,4,1,1,10000
243041.0,4,1,1,10000
243044.0,4,1,1,10000
243045.0,8,2,13,13
243046.0,4,1,1,10000
243047.0,2,1,1,10000
243049.0,3,1,1,10000
243067.0,8,2,1,1
243068.0,9,3,2,1
243069.0,8,2,1,1
243070.0,4,1,1,10000
243087.0,4,1,1,10000
243088.0,7,2,21,21
243089.0,4,1,1,10000
243104.0,10,2,10,10
243105.0,4,1,1,10000
243106.0,4,1,1,10000
243108.0,8,2,21,21
243109.0,7,2,15,15
243110.0,2,1,1,10000
243111.0,4,1,1,10000
243112.0,4,1,1,10000
243129.0,3,1,1,10000
243131.0,2,1,1,10000
243142.0,4,1,1,10000
243143.0,2,1,1,10000
243156.0,2,1,1,10000
243158.0,4,1,1,10000
243159.0,4,1,1,10000
243160.0,4,1,1,10000
243161.0,2,1,1,10000
243173.0,4,1,5,10000
243174.0,4,1,1,10000
243192.0,7,2,1,1
243193.0,4,1,1,10000
243194.0,8,2,30,30
243209.0,2,1,1,10000
243210.0,4,1,1,10000
243211.0,8,2,7,7
243229.0,4,1,1,10000
243231.0,8,2,1,1
243233.0,8,2,1,1
243241.0,2,1,1,10000
243259.0,4,1,1,10000
243260.0,4,1,1,10000
243261.0,4,1,1,10000
243263.0,2,1,1,10000
243264.0,9,2,25,25
243265.0,2,1,1,10000
243266.0,4,1,1,10000
243267.0,4,1,1,10000
243277.0,2,1,1,10000
243278.0,15,3,35,13
243281.0,6,2,1,1
243282.0,3,1,1,10000
243287.0,9,2,5,5
243288.0,4,1,1,10000
243289.0,8,2,1,1
243290.0,5,2,1,1
243291.0,4,1,1,10000
243297.0,6,2,12,12
243302.0,4,1,1,10000
243312.0,3,1,51,10000
243313.0,2,1,4,10000
243314.0,4,1,1,10000
243315.0,4,1,1,10000
243316.0,15,4,1,1
243317.0,6,2,15,15
243318.0,6,2,1,1
243321.0,12,3,1,1
243322.0,14,4,1,1
243346.0,8,2,1,1
243347.0,10,2,9,9
243349.0,8,2,1,1
243364.0,8,2,1,1
243365.0,4,1,1,10000
243366.0,3,1,1,10000
243367.0,4,1,2,10000
243368.0,9,2,37,37
243369.0,4,1,1,10000
243396.0,4,1,1,10000
243397.0,17,4,23,3
243398.0,4,1,1,10000
243399.0,4,2,1,1
243400.0,11,3,20,4
243402.0,3,1,1,10000
243405.0,4,1,3,10000
243411.0,4,1,1,10000
243430.0,4,1,1,10000
243431.0,4,1,1,10000
243432.0,4,1,1,10000
243433.0,4,1,1,10000
243434.0,4,1,1,10000
243435.0,4,1,1,10000
243447.0,4,1,1,10000
243449.0,4,1,1,10000
243450.0,4,1,1,10000
243451.0,4,1,1,10000
243467.0,8,2,22,22
243468.0,7,2,14,14
243469.0,3,1,1,10000
243470.0,9,2,12,12
243484.0,7,2,13,13
243485.0,7,2,1,1
243486.0,8,2,1,1
243487.0,4,1,1,10000
243488.0,8,2,1,1
243489.0,5,2,1,1
243490.0,2,1,1,10000
243491.0,4,1,1,10000
243493.0,8,2,10,10
243520.0,10,2,31,31
243521.0,4,1,1,10000
243522.0,10,2,37,37
243523.0,4,1,1,10000
243524.0,4,1,1,10000
243526.0,4,1,1,10000
243527.0,2,1,1,10000
243551.0,4,1,1,10000
243565.0,4,1,1,10000
243573.0,12,3,1,1
243575.0,9,3,1,1
243577.0,12,3,1,1
243582.0,8,2,6,6
243588.0,4,1,1,10000
243594.0,4,1,1,10000
243619.0,2,1,1,10000
243637.0,10,2,26,26
243639.0,3,1,1,10000
243640.0,4,1,1,10000
243642.0,4,1,1,10000
243655.0,4,1,1,10000
243656.0,4,1,1,10000
243674.0,4,1,1,10000
243675.0,4,1,1,10000
243676.0,4,1,1,10000
243677.0,5,2,19,19
243692.0,3,1,1,10000
243711.0,7,2,14,14
243712.0,4,1,1,10000
243713.0,4,1,2,10000
243718.0,3,1,1,10000
243728.0,3,1,1,10000
243729.0,8,2,1,1
243730.0,4,1,1,10000
243732.0,4,1,1,10000
243733.0,8,2,1,1
243736.0,4,1,1,10000
243747.0,4,1,1,10000
243753.0,4,1,1,10000
243754.0,3,1,2,10000
243758.0,4,1,1,10000
243759.0,4,1,1,10000
243760.0,4,1,1,10000
243761.0,4,1,1,10000
243762.0,4,1,1,10000
243763.0,2,1,1,10000
243765.0,4,1,1,10000
243785.0,3,1,1,10000
243796.0,4,1,1,10000
243797.0,4,1,1,10000
243800.0,4,1,2,10000
243823.0,4,1,1,10000
243824.0,8,2,1,1
243825.0,8,2,1,1
243826.0,4,1,1,10000
243852.0,4,1,1,10000
243853.0,4,1,1,10000
243882.0,4,1,1,10000
243884.0,4,1,3,10000
243885.0,4,1,1,10000
243886.0,4,1,1,10000
243902.0,4,1,1,10000
243908.0,4,1,1,10000
243909.0,3,1,1,10000
243919.0,4,1,1,10000
243925.0,18,4,14,9
243926.0,10,2,10,10
243930.0,4,1,1,10000
243947.0,8,2,20,20
243969.0,4,1,1,10000
243970.0,4,1,1,10000
243972.0,4,1,2,10000
243973.0,6,2,18,18
243990.0,4,1,1,10000
243991.0,4,1,1,10000
243994.0,4,1,1,10000
243996.0,8,2,23,23
243998.0,5,2,19,19
243999.0,4,1,3,10000
244007.0,46,10,14,4
244009.0,3,1,1,10000
244010.0,4,1,1,10000
244011.0,8,2,40,40
244013.0,4,1,1,10000
244015.0,4,1,1,10000
244016.0,12,5,18,9
244019.0,4,1,1,10000
244045.0,4,1,1,10000
244046.0,8,2,23,23
244047.0,2,1,1,10000
244048.0,4,1,1,10000
244064.0,9,2,2,2
244065.0,10,2,4,4
244066.0,4,1,1,10000
244067.0,4,1,1,10000
244068.0,7,2,2,2
244070.0,8,2,6,6
244094.0,4,1,1,10000
244095.0,4,1,1,10000
244097.0,4,1,1,10000
244119.0,3,1,1,10000
244122.0,4,1,1,10000
244124.0,4,1,1,10000
244137.0,3,1,1,10000
244166.0,4,1,1,10000
244167.0,4,1,1,10000
244182.0,4,1,1,10000
244183.0,4,1,1,10000
244184.0,4,1,1,10000
244216.0,4,1,1,10000
244217.0,8,2,6,6
244218.0,4,1,2,10000
244223.0,4,1,1,10000
244242.0,2,1,1,10000
244243.0,7,2,1,1
244244.0,4,1,1,10000
244245.0,3,1,1,10000
244246.0,3,1,1,10000
244259.0,9,2,3,3
244260.0,4,1,3,10000
244262.0,10,2,6,6
244263.0,7,2,5,5
244266.0,6,2,4,4
244287.0,8,2,23,23
244288.0,3,1,1,10000
244289.0,7,2,1,1
244290.0,6,2,1,1
244301.0,7,2,51,51
244314.0,8,2,36,36
244315.0,4,1,1,10000
244316.0,4,1,3,10000
244317.0,4,1,1,10000
244318.0,4,1,1,10000
244319.0,7,2,17,17
244347.0,3,1,1,10000
244361.0,4,1,3,10000
244362.0,4,1,6,10000
244363.0,4,1,3,10000
244364.0,4,1,3,10000
244365.0,4,1,1,10000
244384.0,4,1,1,10000
244392.0,4,1,1,10000
244393.0,4,1,3,10000
244415.0,3,1,1,10000
244420.0,8,2,36,36
244421.0,7,2,1,1
244445.0,4,1,1,10000
244446.0,8,2,1,1
244447.0,4,1,1,10000
244449.0,8,2,1,1
244461.0,4,1,1,10000
244462.0,4,1,1,10000
244464.0,7,2,1,1
244465.0,8,2,40,40
244466.0,4,1,2,10000
244485.0,4,1,1,10000
244486.0,8,2,1,1
244487.0,2,1,1,10000
244490.0,4,1,1,10000
244517.0,4,1,1,10000
244518.0,7,2,45,45
244527.0,4,1,1,10000
244528.0,4,1,1,10000
244530.0,4,1,1,10000
244570.0,4,1,1,10000
244579.0,2,1,1,10000
244600.0,4,1,1,10000
244601.0,4,1,1,10000
244603.0,4,1,1,10000
244604.0,4,1,1,10000
244643.0,8,2,1,1
244644.0,10,2,3,3
244645.0,13,3,3,1
244646.0,10,3,2,2
244649.0,4,1,1,10000
244676.0,4,1,1,10000
244677.0,4,1,1,10000
244678.0,4,1,1,10000
244688.0,6,2,45,45
255786.0,4,1,1,10000
255787.0,4,1,1,10000
255850.0,4,1,1,10000
255869.0,4,1,1,10000
255930.0,4,1,1,10000
255931.0,4,1,2,10000
255932.0,4,1,1,10000
255970.0,4,1,1,10000
255980.0,4,1,1,10000
255981.0,4,1,1,10000
255982.0,4,1,1,10000
255987.0,2,1,1,10000
255988.0,4,1,1,10000
256000.0,4,1,1,10000
256002.0,8,2,42,42
256003.0,4,1,7,10000
256005.0,5,2,33,33
256007.0,4,1,1,10000
256031.0,24,5,10,3
256032.0,11,2,4,4
256034.0,4,1,1,10000
256046.0,4,1,1,10000
256047.0,4,1,1,10000
256048.0,4,1,2,10000
256049.0,15,3,25,21
256051.0,8,2,1,1
256052.0,2,1,1,10000
256053.0,4,1,1,10000
256071.0,3,1,1,10000
256072.0,3,1,1,10000
256081.0,10,2,4,4
256082.0,4,1,1,10000
256083.0,4,1,1,10000
256084.0,4,1,1,10000
256085.0,8,2,27,27
256088.0,3,1,1,10000
256118.0,4,1,1,10000
256128.0,4,1,1,10000
256129.0,9,2,20,20
256148.0,2,1,1,10000
256150.0,7,2,46,46
256151.0,4,1,1,10000
256169.0,4,1,1,10000
256170.0,4,1,1,10000
256192.0,9,2,5,5
256193.0,4,1,1,10000
256194.0,3,1,1,10000
256195.0,4,1,1,10000
256196.0,4,1,1,10000
256218.0,4,1,1,10000
256219.0,3,1,1,10000
256231.0,4,1,1,10000
256278.0,7,4,57,56
256279.0,8,2,3,3
256280.0,4,1,1,10000
256303.0,4,1,1,10000
256304.0,4,1,1,10000
256333.0,7,2,1,1
256341.0,4,1,1,10000
256342.0,4,1,1,10000
256357.0,4,1,1,10000
256377.0,10,2,14,14
256387.0,53,10,14,4
256389.0,4,1,1,10000
256390.0,4,1,1,10000
256426.0,4,1,1,10000
256458.0,4,1,1,10000
256477.0,4,1,1,10000
256482.0,8,2,38,38
256490.0,4,1,1,10000
256497.0,4,1,1,10000
256498.0,3,1,1,10000
256509.0,8,2,1,1
256510.0,7,2,1,1
256526.0,4,1,1,10000
256527.0,4,1,1,10000
256530.0,4,1,1,10000
256550.0,13,3,3,1
256551.0,10,2,33,33
256553.0,4,1,3,10000
256555.0,4,1,1,10000
256556.0,9,2,16,16
256582.0,8,2,3,3
256583.0,12,3,5,2
256624.0,4,1,5,10000
256625.0,7,2,1,1
256631.0,9,2,12,12
256632.0,4,1,1,10000
256647.0,6,2,2,2
256649.0,4,1,1,10000
256656.0,4,1,1,10000
256657.0,4,1,1,10000
256658.0,4,1,1,10000
256670.0,4,1,1,10000
256692.0,4,1,1,10000
256694.0,3,1,1,10000
256710.0,4,1,1,10000
256711.0,4,1,1,10000
256712.0,4,1,1,10000
256713.0,4,2,25,25
256742.0,2,1,1,10000
256750.0,4,1,1,10000
256751.0,4,1,1,10000
256753.0,3,1,1,10000
256766.0,3,1,1,10000
256770.0,1,1,3,10000
256784.0,9,2,7,7
256785.0,4,1,1,10000
256786.0,8,2,6,6
256787.0,4,1,1,10000
256789.0,9,2,17,17
256790.0,14,3,18,1
256802.0,4,1,1,10000
256803.0,4,1,1,10000
256818.0,4,1,1,10000
256819.0,4,1,1,10000
256846.0,7,2,1,1
256848.0,4,1,1,10000
256858.0,11,3,18,1
256859.0,3,1,1,10000
256860.0,3,1,1,10000
256869.0,2,1,1,10000
256870.0,4,1,1,10000
256871.0,4,1,1,10000
256873.0,4,1,1,10000
256898.0,4,1,1,10000
256925.0,4,1,1,10000
256926.0,7,2,38,38
256927.0,4,1,1,10000
256930.0,4,1,1,10000
256953.0,4,1,1,10000
256954.0,4,1,1,10000
256955.0,4,1,1,10000
256963.0,4,1,1,10000
256964.0,12,3,9,3
256965.0,8,2,4,4
256966.0,4,1,1,10000
256972.0,4,1,1,10000
256973.0,4,1,1,10000
256990.0,2,1,1,10000
256993.0,4,1,1,10000
257008.0,4,1,1,10000
257009.0,4,1,1,10000
257010.0,4,1,1,10000
257031.0,4,1,1,10000
257032.0,8,2,1,1
257033.0,4,1,1,10000
257035.0,4,1,2,10000
257036.0,8,2,1,1
257037.0,4,1,1,10000
257052.0,8,2,21,21
257053.0,4,1,1,10000
257054.0,4,1,1,10000
257069.0,4,1,1,10000
257070.0,4,1,1,10000
257072.0,4,1,1,10000
257090.0,7,2,23,23
257091.0,7,2,2,2
257108.0,4,1,1,10000
257109.0,4,1,1,10000
257111.0,3,1,1,10000
257112.0,4,1,1,10000
257118.0,7,2,2,2
257119.0,4,1,1,10000
257120.0,9,2,2,2
257127.0,4,1,1,10000
257128.0,4,1,1,10000
257131.0,4,1,1,10000
257132.0,4,1,1,10000
257140.0,3,1,1,10000
257141.0,4,1,1,10000
257143.0,4,1,6,10000
257147.0,2,1,1,10000
257170.0,4,1,1,10000
257192.0,4,1,1,10000
257193.0,4,1,1,10000
257216.0,4,1,1,10000
257217.0,4,1,1,10000
257226.0,4,1,1,10000
257228.0,4,1,1,10000
257239.0,4,1,1,10000
257245.0,4,1,1,10000
257251.0,4,1,3,10000
257252.0,3,1,1,10000
257256.0,4,1,1,10000
257276.0,4,1,1,10000
257283.0,2,1,1,10000
257284.0,4,1,1,10000
257286.0,4,1,1,10000
257317.0,11,3,3,3
257318.0,2,1,1,10000
257319.0,10,3,3,3
257341.0,4,1,1,10000
257346.0,8,2,33,33
257347.0,4,1,1,10000
257362.0,4,1,1,10000
257363.0,4,1,1,10000
257373.0,4,1,1,10000
257374.0,4,1,1,10000
257390.0,4,1,1,10000
257391.0,4,1,1,10000
257422.0,4,1,1,10000
257443.0,4,1,1,10000
257445.0,4,1,1,10000
257446.0,4,1,1,10000
257462.0,4,1,1,10000
257463.0,4,1,1,10000
257464.0,4,1,1,10000
257465.0,4,1,1,10000
257466.0,4,1,1,10000
257476.0,4,1,1,10000
257477.0,4,1,1,10000
257479.0,4,1,1,10000
257492.0,4,1,1,10000
257493.0,4,1,1,10000
257494.0,4,1,1,10000
257495.0,4,1,1,10000
257497.0,4,1,1,10000
257499.0,4,1,1,10000
257520.0,4,1,1,10000
257521.0,4,1,1,10000
257522.0,4,1,1,10000
257523.0,7,2,4,4
257526.0,8,2,2,2
257528.0,4,1,1,10000
257550.0,7,2,22,22
257551.0,8,2,1,1
257552.0,4,1,1,10000
257555.0,8,2,1,1
257575.0,7,2,39,39
257586.0,8,2,1,1
257587.0,4,1,1,10000
257588.0,4,1,1,10000
257589.0,8,2,13,13
257590.0,4,1,5,10000
257591.0,4,1,1,10000
257601.0,4,1,1,10000
257602.0,4,1,1,10000
257603.0,4,1,1,10000
257604.0,4,1,1,10000
257607.0,4,1,1,10000
257608.0,4,1,1,10000
257620.0,8,2,19,19
257635.0,4,1,1,10000
257636.0,4,1,1,10000
257637.0,4,1,1,10000
257638.0,4,1,1,10000
257640.0,4,1,1,10000
257670.0,4,1,1,10000
257671.0,4,1,1,10000
257694.0,4,1,1,10000
257695.0,4,1,1,10000
257711.0,4,1,1,10000
257712.0,4,1,1,10000
257716.0,4,1,1,10000
257717.0,4,1,1,10000
257718.0,4,1,1,10000
257721.0,8,2,1,1
257722.0,3,1,1,10000
257745.0,2,1,1,10000
257746.0,8,2,33,33
257747.0,4,1,1,10000
257748.0,8,2,1,1
257749.0,2,1,1,10000
257752.0,3,1,1,10000
257753.0,9,2,2,2
257754.0,4,1,1,10000
257755.0,8,2,6,6
257757.0,8,2,1,1
257759.0,7,2,1,1
257760.0,4,1,1,10000
257778.0,2,1,1,10000
257779.0,4,1,1,10000
257799.0,4,1,1,10000
257800.0,4,1,1,10000
257803.0,4,1,1,10000
257827.0,4,1,1,10000
257832.0,4,1,1,10000
257833.0,4,1,1,10000
257834.0,4,1,1,10000
257844.0,4,1,1,10000
257845.0,4,1,1,10000
257846.0,4,1,1,10000
257847.0,4,1,1,10000
257863.0,8,2,1,1
257864.0,10,2,5,5
257865.0,8,2,7,7
257885.0,4,1,1,10000
257886.0,17,4,11,1
257887.0,10,2,30,30
257888.0,13,3,13,1
257890.0,10,3,3,2
257891.0,8,2,1,1
257892.0,7,2,7,7
257893.0,8,2,1,1
257909.0,9,2,25,25
257910.0,4,1,1,10000
257911.0,4,1,2,10000
257940.0,4,1,1,10000
257941.0,6,2,1,1
257942.0,8,2,1,1
257958.0,9,2,3,3
257959.0,4,1,1,10000
257960.0,8,2,2,2
257977.0,4,1,1,10000
257984.0,4,1,1,10000
257999.0,4,1,1,10000
258000.0,4,1,1,10000
258001.0,4,1,1,10000
258002.0,8,2,1,1
258010.0,11,3,30,9
258011.0,14,4,27,1
258014.0,3,1,7,10000
258022.0,4,1,1,10000
258043.0,4,1,1,10000
258044.0,4,1,2,10000
258045.0,4,1,1,10000
258066.0,3,1,1,10000
258067.0,4,1,1,10000
258069.0,4,1,1,10000
258070.0,4,1,1,10000
258071.0,4,1,3,10000
258074.0,3,1,2,10000
258097.0,8,2,2,2
258098.0,8,2,1,1
258099.0,3,1,1,10000
258100.0,4,1,1,10000
258101.0,3,1,1,10000
258125.0,3,1,3,10000
258126.0,40,9,27,3
258127.0,4,1,1,10000
258135.0,4,1,1,10000
258136.0,4,1,1,10000
258138.0,4,1,1,10000
258154.0,2,1,1,10000
258155.0,10,2,31,31
258157.0,2,1,1,10000
258159.0,4,1,1,10000
258161.0,10,2,29,29
258181.0,4,1,1,10000
258182.0,8,2,24,24
258206.0,8,2,23,23
258207.0,4,1,1,10000
258208.0,4,1,1,10000
258209.0,8,2,15,15
258210.0,4,1,1,10000
258213.0,4,1,1,10000
258229.0,8,2,1,1
258230.0,4,1,1,10000
258231.0,4,1,1,10000
258232.0,4,1,1,10000
258233.0,8,2,2,2
258240.0,2,1,1,10000
258248.0,4,1,1,10000
258249.0,3,1,1,10000
258257.0,4,1,1,10000
258258.0,2,1,1,10000
258268.0,4,1,1,10000
258274.0,10,2,9,9
258275.0,10,2,26,26
258277.0,4,1,1,10000
258279.0,4,1,3,10000
258280.0,4,1,1,10000
258281.0,4,1,1,10000
258293.0,4,1,1,10000
258294.0,4,1,1,10000
258296.0,4,1,1,10000
258313.0,6,2,1,1
258314.0,8,2,1,1
258331.0,8,2,34,34
258344.0,4,1,1,10000
258345.0,4,1,1,10000
258346.0,3,1,1,10000
258347.0,4,1,2,10000
258348.0,4,1,1,10000
258349.0,4,1,1,10000
258367.0,9,3,19,4
258368.0,7,2,1,1
258369.0,4,1,1,10000
258370.0,8,2,27,27
258386.0,2,1,1,10000
258395.0,4,1,1,10000
258396.0,9,2,31,31
258407.0,4,1,1,10000
258408.0,4,1,1,10000
258413.0,8,2,1,1
258414.0,7,2,1,1
258415.0,4,1,3,10000
258416.0,8,2,1,1
258419.0,4,1,3,10000
258420.0,4,1,1,10000
258450.0,10,2,23,23
258451.0,4,1,1,10000
258452.0,4,1,3,10000
258455.0,8,2,1,1
258471.0,4,1,1,10000
258473.0,4,1,1,10000
258475.0,2,1,1,10000
258495.0,3,1,1,10000
258496.0,4,1,1,10000
258497.0,4,1,1,10000
258498.0,4,1,1,10000
258499.0,4,1,1,10000
258502.0,4,1,1,10000
258503.0,4,1,2,10000
258521.0,4,1,1,10000
258526.0,4,1,1,10000
258537.0,6,2,35,35
258538.0,4,1,1,10000
258544.0,8,2,1,1
258545.0,4,1,1,10000
258546.0,4,1,1,10000
258562.0,5,2,1,1
258563.0,4,1,1,10000
258564.0,6,2,1,1
258565.0,4,1,1,10000
258566.0,8,2,5,5
258582.0,3,1,1,10000
258583.0,13,4,41,1
258584.0,8,2,36,36
258585.0,15,3,36,4
258587.0,4,1,1,10000
258606.0,4,1,1,10000
258614.0,4,1,1,10000
258630.0,4,1,1,10000
258636.0,4,1,3,10000
258646.0,4,1,1,10000
258648.0,32,9,10,3
258649.0,8,2,26,26
258650.0,11,3,2,2
258651.0,13,3,4,2
258653.0,12,3,2,2
258662.0,4,1,1,10000
258681.0,14,3,6,1
258682.0,9,2,44,44
258683.0,3,1,1,10000
258686.0,4,1,1,10000
258705.0,4,1,1,10000
258706.0,3,3,1,1
258707.0,15,3,6,1
258708.0,6,2,1,1
258710.0,4,1,1,10000
258738.0,9,2,5,5
258739.0,4,1,1,10000
258741.0,11,2,4,4
258749.0,4,1,2,10000
258751.0,8,2,1,1
258752.0,4,1,1,10000
258754.0,8,2,1,1
258756.0,8,2,18,18
258764.0,4,1,5,10000
258765.0,4,1,1,10000
258766.0,4,1,1,10000
258782.0,4,1,1,10000
258783.0,4,1,1,10000
258784.0,4,1,1,10000
258785.0,4,1,1,10000
258786.0,6,2,1,1
258810.0,4,1,1,10000
258811.0,4,1,1,10000
258812.0,4,1,1,10000
258813.0,6,2,1,1
258815.0,7,2,1,1
258816.0,4,1,1,10000
258818.0,8,2,1,1
258835.0,9,2,38,38
258836.0,7,2,6,6
258846.0,4,1,1,10000
258847.0,3,1,1,10000
258849.0,4,1,1,10000
258851.0,9,2,32,32
258856.0,4,1,1,10000
258857.0,4,1,3,10000
258859.0,9,2,12,12
258860.0,4,1,1,10000
258894.0,11,2,32,32
258895.0,4,1,3,10000
258896.0,4,1,1,10000
258897.0,4,1,3,10000
258921.0,4,1,1,10000
258922.0,4,1,1,10000
258933.0,8,2,1,1
258935.0,6,2,18,18
258936.0,11,3,39,3
258938.0,4,1,1,10000
258956.0,4,1,1,10000
258958.0,4,1,1,10000
258968.0,3,1,1,10000
258969.0,4,1,3,10000
258982.0,4,1,1,10000
258988.0,4,1,3,10000
258989.0,8,2,1,1
258990.0,8,2,1,1
258991.0,4,1,1,10000
259004.0,3,1,1,10000
259016.0,8,2,1,1
259017.0,8,2,1,1
259020.0,8,2,5,5
259021.0,4,1,1,10000
259022.0,8,2,1,1
259023.0,4,1,1,10000
259025.0,12,3,17,2
259026.0,10,2,6,6
259027.0,16,3,9,1
259028.0,10,3,22,1
259029.0,4,1,1,10000
259043.0,4,1,1,10000
259044.0,8,2,1,1
259045.0,7,2,45,45
259046.0,4,1,1,10000
259048.0,4,1,1,10000
259049.0,8,2,1,1
259073.0,3,1,1,10000
259108.0,4,1,1,10000
259109.0,4,1,1,10000
259112.0,4,1,1,10000
259115.0,4,1,1,10000
259120.0,3,1,1,10000
259121.0,4,1,1,10000
259134.0,6,2,1,1
259135.0,4,1,1,10000
259136.0,4,1,1,10000
259137.0,6,2,18,18
259138.0,11,2,4,4
259139.0,4,1,1,10000
259183.0,4,1,1,10000
259233.0,3,1,1,10000
259268.0,4,1,1,10000
259269.0,4,1,1,10000
259273.0,4,1,1,10000
269470.0,3,1,1,10000
269471.0,2,1,1,10000
269504.0,3,1,1,10000
269510.0,3,1,1,10000
269511.0,4,1,1,10000
269534.0,2,1,1,10000
269535.0,4,1,1,10000
269588.0,3,1,3,10000
269613.0,4,1,1,10000
269614.0,2,1,1,10000
269615.0,4,1,1,10000
269622.0,4,1,1,10000
269624.0,1,1,1,10000
269625.0,8,2,1,1
269626.0,4,1,1,10000
269645.0,4,1,1,10000
269646.0,4,1,1,10000
269647.0,4,1,1,10000
269662.0,7,2,24,24
269663.0,4,1,1,10000
269664.0,8,2,1,1
269704.0,4,1,1,10000
269728.0,4,1,1,10000
269744.0,4,1,1,10000
269752.0,11,2,25,25
269779.0,4,1,1,10000
269780.0,4,1,1,10000
269781.0,66,14,18,5
269782.0,4,1,1,10000
269784.0,4,1,1,10000
269785.0,4,1,1,10000
269786.0,12,3,10,1
269803.0,3,1,1,10000
269804.0,4,1,1,10000
269824.0,3,1,1,10000
269830.0,4,1,1,10000
269831.0,2,1,1,10000
269838.0,3,1,3,10000
269839.0,4,1,1,10000
269840.0,7,2,6,6
269842.0,4,1,1,10000
269844.0,4,1,1,10000
269889.0,4,1,1,10000
269890.0,3,1,1,10000
269913.0,10,2,4,4
269914.0,4,1,1,10000
269915.0,8,2,1,1
269919.0,3,1,1,10000
269920.0,4,1,1,10000
269932.0,4,1,1,10000
269934.0,4,1,1,10000
269962.0,4,1,1,10000
269970.0,4,1,1,10000
269971.0,4,1,1,10000
269989.0,4,1,1,10000
269990.0,4,1,1,10000
269999.0,4,1,1,10000
270000.0,4,1,1,10000
270028.0,4,1,1,10000
270030.0,4,1,1,10000
270039.0,3,1,1,10000
270050.0,8,2,1,1
270056.0,8,2,1,1
270065.0,4,1,1,10000
270070.0,8,2,1,1
270071.0,8,2,1,1
270093.0,5,2,1,1
270094.0,2,1,2,10000
270095.0,2,1,1,10000
270096.0,8,2,6,6
270098.0,4,1,2,10000
270099.0,4,1,1,10000
270100.0,2,1,1,10000
270101.0,2,1,1,10000
270121.0,6,2,7,7
270122.0,2,1,1,10000
270123.0,8,2,19,19
270124.0,4,1,1,10000
270153.0,3,1,1,10000
270155.0,4,1,1,10000
270162.0,10,2,6,6
270163.0,2,1,1,10000
270164.0,8,2,6,6
270175.0,8,2,1,1
270176.0,2,1,1,10000
270177.0,4,1,1,10000
270178.0,3,1,1,10000
270179.0,4,1,1,10000
270188.0,4,1,1,10000
270189.0,2,1,1,10000
270191.0,3,1,1,10000
270192.0,4,1,2,10000
270207.0,6,2,21,21
270208.0,4,1,1,10000
270209.0,4,1,1,10000
270210.0,1,1,1,10000
270227.0,4,1,1,10000
270228.0,2,1,1,10000
270229.0,2,1,1,10000
270247.0,7,2,7,7
270248.0,4,1,1,10000
270250.0,12,3,26,1
270262.0,7,2,15,15
270263.0,2,1,1,10000
270274.0,4,1,1,10000
270283.0,4,1,1,10000
270284.0,4,1,1,10000
270293.0,12,3,2,1
270294.0,4,1,9,10000
270300.0,4,1,1,10000
270301.0,3,1,1,10000
270308.0,3,1,1,10000
270309.0,4,1,1,10000
270326.0,4,1,1,10000
270329.0,4,1,1,10000
270332.0,63,13,12,1
270334.0,6,3,1,1
270335.0,4,1,1,10000
270336.0,63,13,12,1
270357.0,3,1,1,10000
270358.0,4,1,2,10000
270360.0,2,1,1,10000
270361.0,36,7,37,19
270362.0,4,1,1,10000
270384.0,4,1,1,10000
270385.0,4,1,1,10000
270386.0,39,7,12,3
270387.0,4,1,1,10000
270413.0,4,1,1,10000
270415.0,8,2,9,9
270419.0,2,1,1,10000
270420.0,7,2,4,4
270421.0,3,1,1,10000
270422.0,9,2,8,8
270442.0,4,1,1,10000
270443.0,4,1,5,10000
270474.0,4,1,1,10000
270475.0,2,1,1,10000
270477.0,6,2,1,1
270478.0,4,1,1,10000
270496.0,3,1,1,10000
270498.0,8,2,4,4
270499.0,4,1,1,10000
270504.0,6,2,1,1
270524.0,6,2,1,1
270525.0,2,1,1,10000
270526.0,8,2,6,6
270527.0,3,1,1,10000
270529.0,4,1,1,10000
270533.0,2,1,1,10000
270534.0,6,2,1,1
270537.0,4,1,1,10000
270541.0,2,1,1,10000
270542.0,4,1,1,10000
270549.0,4,1,1,10000
270561.0,4,1,1,10000
270562.0,4,1,1,10000
270575.0,4,1,1,10000
270577.0,8,2,25,25
270578.0,4,1,7,10000
270589.0,4,1,1,10000
270590.0,4,1,1,10000
270593.0,3,1,1,10000
270643.0,3,1,1,10000
270644.0,64,12,15,1
270645.0,4,1,7,10000
270646.0,4,1,1,10000
270647.0,65,12,15,1
270665.0,4,1,1,10000
270666.0,6,2,25,25
270667.0,4,1,1,10000
270682.0,4,1,1,10000
270685.0,3,1,1,10000
270686.0,3,1,2,10000
270692.0,4,1,1,10000
270704.0,53,13,20,1
270705.0,51,12,20,1
270710.0,4,1,1,10000
270712.0,3,1,1,10000
270732.0,8,2,1,1
270733.0,8,2,5,5
270734.0,4,1,1,10000
270735.0,4,1,1,10000
270736.0,4,1,1,10000
270767.0,10,2,10,10
270768.0,3,1,1,10000
270769.0,4,1,1,10000
270774.0,10,2,7,7
270776.0,4,1,1,10000
270778.0,3,1,1,10000
270797.0,4,1,1,10000
270799.0,8,2,32,32
270800.0,3,1,1,10000
270808.0,2,1,1,10000
270819.0,6,2,1,1
270828.0,4,1,1,10000
270829.0,8,2,3,3
270830.0,4,1,1,10000
270831.0,15,3,10,1
270832.0,4,1,1,10000
270835.0,4,1,1,10000
270836.0,4,1,1,10000
270861.0,4,1,1,10000
270862.0,4,1,1,10000
270875.0,8,2,13,13
270876.0,4,1,1,10000
270878.0,2,1,1,10000
270880.0,1,1,1,10000
270895.0,4,1,1,10000
270907.0,4,1,1,10000
270925.0,6,2,1,1
270933.0,3,2,52,52
270942.0,4,1,1,10000
270943.0,15,4,38,20
270947.0,4,1,1,10000
270948.0,3,1,2,10000
270949.0,3,1,1,10000
270953.0,9,2,49,49
270954.0,4,1,1,10000
270955.0,4,1,1,10000
270956.0,4,1,1,10000
270958.0,4,1,1,10000
270959.0,4,1,1,10000
270988.0,7,2,1,1
270989.0,9,2,3,3
270990.0,4,1,2,10000
270991.0,7,2,2,2
270992.0,4,1,3,10000
270994.0,7,2,1,1
270995.0,3,1,2,10000
271013.0,10,3,1,1
271016.0,4,1,1,10000
271017.0,3,1,1,10000
271045.0,4,1,1,10000
271052.0,4,1,1,10000
271068.0,3,1,1,10000
271072.0,9,2,20,20
271073.0,4,1,1,10000
271082.0,4,1,1,10000
271100.0,4,1,1,10000
271101.0,2,1,1,10000
271102.0,4,1,1,10000
271105.0,9,2,8,8
271123.0,4,1,1,10000
271124.0,4,1,3,10000
271125.0,4,1,1,10000
271128.0,3,1,1,10000
271147.0,6,2,3,3
271150.0,6,2,15,15
271151.0,4,1,1,10000
271152.0,8,2,17,17
271156.0,4,1,1,10000
271157.0,4,1,1,10000
271158.0,4,1,3,10000
271159.0,4,1,1,10000
271168.0,3,1,1,10000
271169.0,7,2,18,18
271170.0,4,1,1,10000
271188.0,7,2,1,1
271189.0,7,2,1,1
271190.0,4,1,1,10000
271199.0,40,9,8,3
271202.0,4,1,1,10000
271203.0,3,1,3,10000
271204.0,4,1,1,10000
271228.0,3,1,1,10000
271229.0,4,1,3,10000
271230.0,4,1,3,10000
271231.0,4,1,2,10000
271233.0,15,3,8,4
271234.0,9,2,4,4
271236.0,4,1,1,10000
271259.0,7,2,1,1
271260.0,7,2,1,1
271261.0,6,2,43,43
271269.0,4,1,1,10000
271282.0,4,1,1,10000
271283.0,4,1,1,10000
271284.0,4,1,1,10000
271287.0,4,1,3,10000
271288.0,4,1,1,10000
271290.0,4,1,1,10000
271298.0,4,1,1,10000
271303.0,4,1,1,10000
271308.0,10,3,1,1
271309.0,4,1,1,10000
271310.0,7,2,39,39
271311.0,4,1,1,10000
271312.0,4,1,1,10000
271314.0,11,3,1,1
271318.0,15,3,3,1
271334.0,6,2,37,37
271335.0,4,1,1,10000
271336.0,4,1,1,10000
271337.0,3,1,1,10000
271339.0,5,2,1,1
271341.0,6,2,1,1
271342.0,4,1,1,10000
271367.0,4,1,1,10000
271368.0,4,1,1,10000
271369.0,9,2,46,46
271388.0,4,1,1,10000
271389.0,4,1,10,10000
271392.0,4,1,1,10000
271393.0,4,1,1,10000
271394.0,4,1,1,10000
271404.0,4,1,1,10000
271405.0,9,2,3,3
271424.0,8,2,6,6
271452.0,10,2,26,26
271453.0,4,1,1,10000
271454.0,2,1,1,10000
271458.0,2,1,1,10000
271472.0,4,1,1,10000
271473.0,4,1,1,10000
271483.0,4,1,1,10000
271484.0,4,1,1,10000
271494.0,2,1,1,10000
271500.0,4,1,1,10000
271502.0,4,1,1,10000
271503.0,4,1,1,10000
271509.0,7,2,2,2
271510.0,9,2,4,4
271520.0,4,1,1,10000
271524.0,4,1,1,10000
271526.0,4,1,1,10000
271530.0,4,1,2,10000
271531.0,4,1,1,10000
271532.0,4,1,1,10000
271539.0,4,1,2,10000
271546.0,8,2,1,1
271547.0,8,2,1,1
271548.0,2,1,1,10000
271549.0,7,2,1,1
271551.0,4,1,1,10000
271553.0,7,2,1,1
271570.0,8,2,2,2
271572.0,4,1,1,10000
271573.0,6,2,2,2
271574.0,9,2,2,2
271575.0,4,1,2,10000
271576.0,8,2,26,26
271577.0,8,2,18,18
271608.0,4,1,1,10000
271609.0,2,1,1,10000
271629.0,6,2,1,1
271630.0,2,1,1,10000
271631.0,9,2,6,6
271635.0,4,1,1,10000
271641.0,4,1,6,10000
271642.0,6,2,3,3
271643.0,4,1,1,10000
271644.0,4,1,1,10000
271655.0,11,2,7,7
271657.0,4,1,1,10000
271660.0,4,1,1,10000
271683.0,3,1,1,10000
271684.0,4,1,1,10000
271688.0,4,1,1,10000
271689.0,4,1,1,10000
271711.0,8,2,1,1
271712.0,4,1,1,10000
271713.0,4,1,1,10000
271714.0,8,2,1,1
271716.0,4,1,2,10000
271718.0,4,1,1,10000
271735.0,4,1,1,10000
271736.0,4,1,1,10000
271745.0,9,2,30,30
271746.0,4,1,1,10000
271750.0,2,1,1,10000
271760.0,5,2,40,40
271769.0,4,1,1,10000
271772.0,4,1,1,10000
271777.0,4,1,1,10000
271817.0,3,1,1,10000
271818.0,4,1,1,10000
271819.0,3,1,1,10000
271820.0,4,1,2,10000
271822.0,4,1,1,10000
271839.0,4,1,1,10000
271840.0,4,1,1,10000
271847.0,4,1,2,10000
271848.0,13,3,3,2
271849.0,9,2,25,25
271850.0,4,1,1,10000
271851.0,10,3,1,1
271852.0,4,1,1,10000
271853.0,12,3,1,1
271875.0,8,2,39,39
271887.0,4,1,1,10000
271888.0,4,1,1,10000
271899.0,4,1,1,10000
271904.0,4,1,1,10000
271905.0,4,1,3,10000
271906.0,4,1,1,10000
271928.0,4,1,1,10000
271936.0,10,3,1,1
271937.0,4,1,1,10000
271938.0,3,1,1,10000
271939.0,4,1,1,10000
271941.0,4,1,1,10000
271942.0,4,1,1,10000
271943.0,10,3,1,1
271968.0,6,2,1,1
271969.0,4,1,1,10000
271970.0,4,1,1,10000
271971.0,4,1,1,10000
271972.0,4,1,1,10000
271974.0,4,1,1,10000
271975.0,4,1,1,10000
271998.0,8,2,1,1
271999.0,8,2,1,1
272000.0,7,2,28,28
272001.0,8,2,1,1
272002.0,8,2,1,1
272030.0,9,3,8,5
272048.0,8,2,3,3
272052.0,2,1,3,10000
272053.0,14,3,14,1
272054.0,11,3,40,10
272055.0,6,2,1,1
272056.0,4,1,1,10000
272057.0,4,1,1,10000
272058.0,14,3,14,1
272065.0,7,2,23,23
272066.0,3,1,1,10000
272067.0,4,1,1,10000
272068.0,4,1,1,10000
272085.0,4,1,1,10000
272086.0,4,1,1,10000
272095.0,7,2,17,17
272097.0,7,2,19,19
272098.0,10,2,27,27
272101.0,4,1,2,10000
272102.0,4,1,1,10000
272123.0,8,2,1,1
272124.0,4,1,1,10000
272125.0,4,1,1,10000
272126.0,9,2,31,31
272138.0,8,2,1,1
272141.0,4,1,1,10000
272162.0,9,2,6,6
272163.0,10,2,7,7
272167.0,4,1,3,10000
272168.0,4,1,1,10000
272169.0,4,1,1,10000
272170.0,4,1,3,10000
272179.0,4,1,1,10000
272180.0,4,1,1,10000
272181.0,3,1,1,10000
272185.0,4,1,1,10000
272189.0,4,1,1,10000
272190.0,4,1,1,10000
272191.0,4,1,1,10000
272193.0,3,1,1,10000
272194.0,4,1,1,10000
272215.0,7,2,1,1
272217.0,8,2,4,4
272218.0,4,1,1,10000
272219.0,3,1,1,10000
272220.0,10,2,29,29
272236.0,8,2,1,1
272237.0,4,1,1,10000
272238.0,4,1,1,10000
272239.0,4,1,1,10000
272240.0,2,1,1,10000
272254.0,4,1,1,10000
272255.0,2,1,2,10000
272260.0,2,1,1,10000
272267.0,3,1,1,10000
272274.0,4,1,1,10000
272275.0,4,1,2,10000
272276.0,4,1,1,10000
272305.0,2,1,1,10000
272306.0,5,2,1,1
272308.0,3,1,1,10000
272326.0,4,1,1,10000
272328.0,4,1,1,10000
272329.0,4,1,1,10000
272350.0,7,2,11,11
272351.0,4,1,1,10000
272352.0,8,2,2,2
272353.0,8,2,1,1
272354.0,4,1,1,10000
272355.0,4,1,1,10000
272361.0,4,1,1,10000
272375.0,4,1,3,10000
272376.0,4,1,1,10000
272377.0,10,2,29,29
272380.0,4,1,3,10000
272395.0,4,1,1,10000
272396.0,3,1,1,10000
272403.0,8,2,11,11
272404.0,40,10,13,7
272405.0,7,2,12,12
272408.0,6,2,1,1
272409.0,4,1,2,10000
272410.0,9,2,18,18
272428.0,4,1,2,10000
272429.0,4,1,2,10000
272430.0,4,1,1,10000
272431.0,4,1,1,10000
272437.0,8,2,1,1
272439.0,8,2,1,1
272445.0,4,1,1,10000
272465.0,4,1,1,10000
272466.0,8,2,1,1
272481.0,4,1,1,10000
272492.0,4,1,1,10000
272502.0,4,1,1,10000
272503.0,4,1,1,10000
272505.0,4,1,1,10000
272522.0,8,2,2,2
272523.0,4,1,1,10000
272524.0,38,9,25,14
272525.0,2,1,1,10000
272526.0,4,1,1,10000
272527.0,10,2,31,31
272528.0,2,1,1,10000
272529.0,4,1,1,10000
272530.0,10,2,4,4
272532.0,9,2,23,23
272534.0,2,1,1,10000
272535.0,4,1,1,10000
272558.0,4,1,1,10000
272559.0,4,1,1,10000
272562.0,8,2,1,1
272564.0,7,2,1,1
272583.0,4,1,1,10000
272584.0,4,1,1,10000
272585.0,4,1,1,10000
272586.0,4,1,1,10000
272587.0,3,1,1,10000
272588.0,4,1,1,10000
272596.0,9,2,5,5
272597.0,10,2,4,4
272606.0,4,1,1,10000
272607.0,4,1,1,10000
272650.0,4,1,1,10000
272651.0,4,1,1,10000
272653.0,8,2,2,2
272682.0,4,1,1,10000
272683.0,4,1,2,10000
272684.0,3,1,1,10000
272716.0,3,1,1,10000
272717.0,4,1,1,10000
272718.0,4,1,1,10000
272719.0,3,1,1,10000
272720.0,4,1,1,10000
272728.0,4,1,1,10000
272729.0,13,3,25,25
283039.0,9,2,3,3
283040.0,5,2,1,1
283166.0,4,1,1,10000
283222.0,4,1,1,10000
283286.0,4,1,1,10000
283301.0,4,1,1,10000
283302.0,3,1,1,10000
283305.0,7,2,5,5
283323.0,4,1,1,10000
283331.0,4,1,1,10000
283333.0,4,1,1,10000
283365.0,4,1,1,10000
283366.0,4,1,1,10000
283367.0,4,1,1,10000
283368.0,2,1,1,10000
283387.0,4,1,1,10000
283416.0,4,1,1,10000
283417.0,10,2,25,25
283418.0,4,1,1,10000
283430.0,4,1,1,10000
283431.0,3,1,1,10000
283432.0,2,1,1,10000
283433.0,10,2,26,26
283454.0,5,2,48,48
283455.0,4,1,1,10000
283456.0,4,1,1,10000
283482.0,4,1,1,10000
283502.0,3,1,1,10000
283531.0,4,1,7,10000
283539.0,4,1,1,10000
283540.0,1,1,3,10000
283541.0,4,1,1,10000
283566.0,8,2,25,25
283567.0,4,1,1,10000
283568.0,4,1,1,10000
283570.0,4,1,1,10000
283602.0,4,1,1,10000
283609.0,4,1,1,10000
283610.0,4,1,1,10000
283639.0,7,2,3,3
283641.0,4,1,1,10000
283642.0,4,1,1,10000
283673.0,4,1,1,10000
283682.0,7,2,18,18
283683.0,4,1,1,10000
283684.0,4,1,1,10000
283685.0,3,1,1,10000
283686.0,4,1,1,10000
283687.0,4,1,1,10000
283688.0,4,1,1,10000
283718.0,4,1,1,10000
283719.0,4,1,1,10000
283720.0,4,1,1,10000
283721.0,4,1,1,10000
283722.0,3,1,1,10000
283746.0,3,1,1,10000
283747.0,2,1,1,10000
283750.0,4,1,1,10000
283771.0,7,2,2,2
283790.0,4,1,3,10000
283816.0,4,1,1,10000
283849.0,4,1,1,10000
283850.0,4,1,1,10000
283851.0,2,1,1,10000
283874.0,4,1,2,10000
283875.0,4,1,1,10000
283887.0,4,1,1,10000
283888.0,4,1,1,10000
283889.0,4,1,6,10000
283890.0,4,1,1,10000
283919.0,4,1,1,10000
283929.0,3,1,1,10000
283931.0,4,1,1,10000
283932.0,4,1,1,10000
283933.0,4,1,1,10000
283948.0,54,12,11,2
283965.0,8,2,1,1
283966.0,3,1,1,10000
283968.0,8,2,1,1
283981.0,4,1,1,10000
283996.0,4,1,5,10000
284008.0,6,2,1,1
284011.0,9,2,2,2
284027.0,4,1,1,10000
284028.0,7,2,1,1
284029.0,6,2,2,2
284040.0,2,1,1,10000
284042.0,4,1,1,10000
284057.0,3,1,1,10000
284060.0,2,1,1,10000
284064.0,4,1,1,10000
284065.0,2,1,1,10000
284070.0,4,1,1,10000
284071.0,4,1,1,10000
284072.0,4,1,1,10000
284073.0,4,1,1,10000
284075.0,4,1,1,10000
284088.0,9,2,7,7
284094.0,4,1,1,10000
284105.0,4,1,1,10000
284106.0,4,1,1,10000
284107.0,78,17,11,5
284114.0,4,1,1,10000
284115.0,4,1,1,10000
284116.0,8,2,34,34
284117.0,2,1,1,10000
284118.0,4,1,1,10000
284145.0,4,1,1,10000
284146.0,4,1,1,10000
284170.0,4,1,1,10000
284190.0,2,1,1,10000
284191.0,4,1,1,10000
284193.0,4,1,1,10000
284194.0,2,1,1,10000
284197.0,3,1,1,10000
284198.0,4,1,3,10000
284217.0,4,1,1,10000
284219.0,4,1,1,10000
284220.0,4,1,2,10000
284221.0,7,2,23,23
284237.0,4,1,1,10000
284239.0,4,1,1,10000
284259.0,4,1,1,10000
284282.0,2,1,1,10000
284283.0,4,1,1,10000
284285.0,3,1,1,10000
284304.0,4,1,1,10000
284305.0,4,1,1,10000
284306.0,3,1,1,10000
284332.0,4,1,1,10000
284334.0,2,1,1,10000
284335.0,4,1,1,10000
284336.0,2,1,1,10000
284367.0,3,1,2,10000
284368.0,2,1,1,10000
284369.0,4,1,1,10000
284370.0,4,1,1,10000
284386.0,3,1,1,10000
284404.0,2,1,1,10000
284405.0,4,1,1,10000
284429.0,7,2,38,38
284430.0,2,1,1,10000
284442.0,3,1,1,10000
284456.0,2,1,1,10000
284457.0,3,1,1,10000
284458.0,2,1,1,10000
284467.0,4,1,1,10000
284468.0,3,1,1,10000
284469.0,3,1,1,10000
284471.0,4,1,1,10000
284486.0,2,1,1,10000
284487.0,2,1,1,10000
284489.0,4,1,1,10000
284511.0,5,2,12,12
284513.0,4,1,1,10000
284514.0,3,1,1,10000
284523.0,3,1,1,10000
284524.0,2,1,1,10000
284529.0,4,1,1,10000
284530.0,5,2,1,1
284552.0,4,1,1,10000
284553.0,4,1,1,10000
284554.0,4,1,1,10000
284556.0,4,1,1,10000
284577.0,4,1,1,10000
284578.0,4,1,1,10000
284579.0,4,1,1,10000
284580.0,2,1,1,10000
284593.0,4,1,1,10000
284616.0,46,11,17,1
284618.0,7,2,14,14
284620.0,9,2,4,4
284629.0,4,1,1,10000
284630.0,7,2,51,51
284631.0,2,1,1,10000
284632.0,8,2,20,20
284642.0,10,2,3,3
284643.0,4,1,1,10000
284644.0,4,1,1,10000
284645.0,4,1,1,10000
284647.0,10,2,3,3
284650.0,4,1,1,10000
284673.0,4,1,1,10000
284683.0,4,1,1,10000
284685.0,4,1,1,10000
284725.0,4,1,1,10000
284726.0,4,1,1,10000
284728.0,4,1,1,10000
284732.0,4,1,1,10000
284753.0,4,1,1,10000
284755.0,4,1,1,10000
284756.0,3,1,1,10000
284757.0,10,3,1,1
284758.0,10,3,1,1
284759.0,10,3,1,1
284774.0,4,1,1,10000
284775.0,3,1,1,10000
284776.0,4,1,1,10000
284777.0,7,2,18,18
284778.0,6,2,1,1
284779.0,4,1,1,10000
284780.0,8,2,1,1
284797.0,7,2,19,19
284798.0,3,1,1,10000
284828.0,4,1,1,10000
284829.0,4,1,1,10000
284830.0,4,1,1,10000
284831.0,3,1,1,10000
284845.0,4,1,1,10000
284846.0,4,1,1,10000
284847.0,2,1,1,10000
284848.0,4,1,1,10000
284850.0,4,1,1,10000
284890.0,4,1,1,10000
284891.0,4,1,3,10000
284892.0,4,1,1,10000
284894.0,4,1,1,10000
284899.0,4,1,1,10000
284921.0,4,1,1,10000
284922.0,4,1,1,10000
284924.0,4,1,1,10000
284942.0,4,1,1,10000
284943.0,6,2,2,2
284944.0,4,1,1,10000
284945.0,2,1,1,10000
284946.0,4,1,1,10000
284947.0,4,1,1,10000
284948.0,7,2,17,17
284966.0,3,1,3,10000
284967.0,4,1,1,10000
284968.0,3,1,1,10000
284970.0,7,2,3,3
284986.0,4,1,1,10000
284991.0,4,1,3,10000
284992.0,4,1,1,10000
284993.0,8,2,1,1
284994.0,2,1,1,10000
284995.0,2,1,1,10000
284996.0,9,2,2,2
285003.0,4,1,1,10000
285004.0,4,1,1,10000
285005.0,3,2,1,1
285006.0,22,4,8,1
285007.0,6,3,1,1
285010.0,4,1,1,10000
285030.0,8,2,20,20
285039.0,4,1,1,10000
285040.0,4,1,1,10000
285043.0,4,1,1,10000
285044.0,4,1,1,10000
285079.0,5,2,26,26
285092.0,6,2,2,2
285093.0,6,2,12,12
285094.0,4,1,1,10000
285100.0,6,2,1,1
285101.0,4,1,1,10000
285103.0,4,1,1,10000
285106.0,4,1,1,10000
285124.0,4,1,1,10000
285135.0,4,1,1,10000
285136.0,3,1,1,10000
285137.0,4,1,1,10000
285138.0,8,2,1,1
285145.0,4,1,1,10000
285156.0,2,1,1,10000
285157.0,2,1,1,10000
285158.0,4,1,1,10000
285159.0,4,1,1,10000
285160.0,4,1,1,10000
285161.0,3,1,1,10000
285166.0,4,1,1,10000
285193.0,42,9,29,3
285194.0,4,1,1,10000
285195.0,4,1,1,10000
285223.0,2,1,1,10000
285226.0,9,2,5,5
285227.0,13,3,7,1
285228.0,16,4,11,11
285230.0,12,3,33,4
285244.0,15,3,35,15
285245.0,52,10,23,8
285246.0,4,1,1,10000
285247.0,7,2,22,22
285248.0,4,1,1,10000
285250.0,4,1,1,10000
285251.0,2,1,1,10000
285252.0,4,1,1,10000
285272.0,4,1,3,10000
285278.0,10,2,29,29
285279.0,9,2,30,30
285280.0,2,1,1,10000
285282.0,17,4,44,41
285290.0,4,1,1,10000
285291.0,4,1,1,10000
285292.0,4,1,1,10000
285293.0,4,1,2,10000
285294.0,2,1,1,10000
285295.0,4,1,1,10000
285331.0,2,1,1,10000
285345.0,15,3,6,1
285346.0,12,3,8,1
285348.0,15,3,6,1
285366.0,4,1,1,10000
285367.0,4,1,1,10000
285368.0,4,1,1,10000
285369.0,3,1,3,10000
285384.0,2,1,7,10000
285394.0,4,1,1,10000
285408.0,4,1,1,10000
285409.0,4,1,1,10000
285410.0,3,1,1,10000
285411.0,4,1,1,10000
285412.0,4,1,1,10000
285430.0,3,1,2,10000
285439.0,4,1,1,10000
285440.0,4,1,1,10000
285442.0,4,1,1,10000
285474.0,4,1,2,10000
285476.0,3,1,1,10000
285477.0,3,1,5,10000
285478.0,4,1,1,10000
285505.0,4,1,1,10000
285507.0,4,1,1,10000
285508.0,4,1,1,10000
285510.0,4,1,1,10000
285529.0,4,1,1,10000
285531.0,4,1,1,10000
285549.0,4,1,1,10000
285550.0,3,1,1,10000
285552.0,4,1,1,10000
285553.0,2,1,1,10000
285578.0,3,1,1,10000
285580.0,4,1,2,10000
285584.0,4,1,1,10000
285585.0,4,1,1,10000
285586.0,4,1,1,10000
285588.0,4,1,1,10000
285597.0,4,1,1,10000
285598.0,4,1,2,10000
285617.0,4,1,1,10000
285618.0,3,1,1,10000
285619.0,4,1,1,10000
285645.0,4,1,1,10000
285661.0,7,2,8,8
285662.0,6,2,1,1
285663.0,4,1,1,10000
285678.0,2,1,1,10000
285679.0,2,1,1,10000
285683.0,2,1,1,10000
285684.0,2,1,1,10000
285685.0,2,1,1,10000
285687.0,3,1,2,10000
285700.0,2,1,1,10000
285714.0,4,1,1,10000
285718.0,4,1,1,10000
285719.0,2,1,1,10000
285724.0,4,1,2,10000
285725.0,8,2,20,20
285726.0,8,2,15,15
285759.0,4,1,6,10000
285761.0,4,1,1,10000
285763.0,4,1,1,10000
285775.0,3,1,1,10000
285776.0,4,1,1,10000
285793.0,68,14,13,3
285794.0,8,2,8,8
285805.0,9,2,12,12
285806.0,8,2,1,1
285807.0,4,1,2,10000
285808.0,13,3,12,1
285809.0,4,1,1,10000
285822.0,7,2,4,4
285824.0,4,1,2,10000
285858.0,4,1,1,10000
285859.0,8,2,2,2
285861.0,7,2,3,3
285862.0,7,2,2,2
285863.0,9,2,13,13
285864.0,4,1,2,10000
285870.0,8,2,12,12
285871.0,7,2,15,15
285872.0,3,1,1,10000
285883.0,9,2,2,2
285884.0,3,1,1,10000
285885.0,4,1,1,10000
285887.0,3,1,1,10000
285913.0,3,1,1,10000
285915.0,4,1,1,10000
285916.0,4,1,1,10000
285917.0,4,1,3,10000
285919.0,7,2,6,6
285940.0,4,1,1,10000
285941.0,4,1,1,10000
285957.0,4,1,1,10000
285958.0,15,3,5,2
285960.0,11,2,33,33
285963.0,8,2,2,2
285991.0,4,1,2,10000
285995.0,3,1,1,10000
285996.0,2,1,3,10000
286008.0,8,2,22,22
286009.0,4,1,1,10000
286010.0,4,1,1,10000
286013.0,4,1,1,10000
286014.0,4,1,1,10000
286067.0,4,1,3,10000
286069.0,3,1,1,10000
286070.0,4,1,3,10000
286071.0,7,2,1,1
286073.0,4,1,3,10000
286095.0,7,2,23,23
286101.0,4,1,2,10000
286103.0,4,1,1,10000
286105.0,3,1,1,10000
286114.0,4,1,1,10000
286123.0,38,9,6,1
286125.0,4,1,1,10000
286127.0,17,5,8,7
286128.0,19,4,6,1
286150.0,4,1,1,10000
286152.0,4,1,1,10000
286165.0,4,1,1,10000
286166.0,3,1,1,10000
286177.0,4,1,1,10000
286178.0,4,1,1,10000
286179.0,4,1,1,10000
286181.0,4,1,1,10000
286209.0,14,3,26,14
286211.0,11,2,35,35
286212.0,4,1,1,10000
286214.0,6,2,1,1
286215.0,4,1,1,10000
286216.0,6,2,1,1
286218.0,4,1,1,10000
286219.0,10,2,26,26
286239.0,8,2,1,1
286254.0,6,2,47,47
286256.0,4,1,1,10000
286258.0,4,1,1,10000
286259.0,4,1,1,10000
286279.0,4,1,1,10000
286280.0,4,1,2,10000
286281.0,4,1,1,10000
286283.0,4,1,1,10000
286284.0,4,1,3,10000
286285.0,4,1,1,10000
286296.0,4,1,1,10000
286297.0,4,1,1,10000
286306.0,4,1,1,10000
286307.0,2,1,1,10000
286308.0,3,1,1,10000
286310.0,4,1,1,10000
286312.0,7,2,4,4
286338.0,4,1,1,10000
286340.0,4,1,1,10000
286341.0,4,1,1,10000
286353.0,6,2,19,19
286360.0,4,1,1,10000
286361.0,4,1,1,10000
286372.0,4,1,1,10000
286374.0,9,2,17,17
286376.0,4,1,3,10000
286393.0,4,1,1,10000
286394.0,4,1,1,10000
286395.0,4,1,1,10000
286403.0,7,2,35,35
286422.0,4,1,1,10000
286423.0,3,1,1,10000
286424.0,8,2,4,4
286425.0,4,1,1,10000
286427.0,4,1,3,10000
286428.0,4,1,1,10000
286446.0,8,2,3,3
286452.0,3,1,1,10000
286453.0,4,1,3,10000
286456.0,4,1,3,10000
286457.0,4,1,1,10000
286459.0,4,1,1,10000
286460.0,4,1,1,10000
286469.0,4,1,1,10000
286470.0,4,1,1,10000
286485.0,8,3,2,2
286486.0,5,2,23,23
286487.0,4,1,1,10000
286488.0,4,1,1,10000
286489.0,2,1,1,10000
286490.0,10,2,4,4
286491.0,4,1,1,10000
286493.0,7,3,1,1
286495.0,4,1,1,10000
286509.0,4,1,1,10000
286510.0,4,1,1,10000
286512.0,3,1,1,10000
286513.0,4,1,1,10000
286515.0,4,2,56,56
286535.0,8,2,40,40
286545.0,4,1,1,10000
286546.0,4,1,1,10000
286547.0,4,1,1,10000
286549.0,4,1,2,10000
286567.0,4,1,1,10000
286571.0,8,2,1,1
286572.0,8,2,1,1
286576.0,4,1,2,10000
286590.0,4,1,1,10000
286591.0,8,2,3,3
286592.0,8,2,2,2
286593.0,4,1,1,10000
286629.0,8,2,3,3
286631.0,8,2,1,1
286659.0,4,1,1,10000
286682.0,8,2,1,1
286685.0,4,1,1,10000
286724.0,4,1,1,10000
286725.0,4,1,1,10000
286747.0,4,1,1,10000
286748.0,4,1,1,10000
286749.0,7,2,39,39
286750.0,4,1,1,10000
286752.0,4,1,1,10000
286782.0,4,1,1,10000
286783.0,4,1,1,10000
286784.0,3,1,1,10000
297317.0,4,1,1,10000
297318.0,3,1,1,10000
297348.0,4,1,1,10000
297349.0,4,1,1,10000
297368.0,4,2,41,41
297415.0,4,1,1,10000
297448.0,3,1,1,10000
297484.0,10,3,39,32
297506.0,4,1,1,10000
297521.0,4,2,38,38
297522.0,10,2,28,28
297523.0,4,1,1,10000
297524.0,8,2,21,21
297525.0,4,1,1,10000
297526.0,4,1,1,10000
297529.0,4,1,1,10000
297546.0,4,1,2,10000
297547.0,4,1,1,10000
297560.0,4,1,1,10000
297575.0,4,1,1,10000
297576.0,4,1,1,10000
297599.0,4,1,1,10000
297601.0,4,1,1,10000
297614.0,4,1,1,10000
297615.0,8,2,11,11
297617.0,4,1,1,10000
297618.0,4,1,3,10000
297659.0,4,1,1,10000
297660.0,4,1,1,10000
297661.0,4,1,1,10000
297662.0,4,1,1,10000
297663.0,4,1,1,10000
297664.0,4,1,1,10000
297681.0,2,1,1,10000
297693.0,8,2,2,2
297694.0,4,1,1,10000
297695.0,8,2,3,3
297698.0,4,1,1,10000
297699.0,7,2,18,18
297726.0,4,1,1,10000
297748.0,4,1,1,10000
297754.0,4,1,1,10000
297755.0,4,1,1,10000
297771.0,4,1,2,10000
297772.0,4,1,1,10000
297792.0,4,1,1,10000
297794.0,8,2,3,3
297808.0,4,1,1,10000
297819.0,4,1,1,10000
297826.0,9,2,15,15
297833.0,4,1,1,10000
297843.0,7,2,37,37
297844.0,9,3,30,30
297846.0,4,1,1,10000
297879.0,4,1,1,10000
297884.0,20,6,48,46
297887.0,7,2,15,15
297888.0,4,1,1,10000
297902.0,4,1,1,10000
297904.0,4,1,1,10000
297930.0,3,1,1,10000
297936.0,12,4,53,41
297939.0,3,1,1,10000
297941.0,10,2,7,7
297942.0,4,1,1,10000
297943.0,6,2,1,1
297944.0,7,2,1,1
297945.0,4,1,1,10000
297946.0,6,2,1,1
297947.0,4,1,1,10000
297948.0,8,2,1,1
297949.0,4,1,1,10000
297951.0,14,3,25,8
297984.0,4,1,1,10000
297985.0,2,1,1,10000
297986.0,2,1,1,10000
297987.0,2,1,1,10000
297989.0,2,1,1,10000
297990.0,4,1,1,10000
298016.0,4,1,1,10000
298017.0,9,2,4,4
298018.0,7,2,3,3
298019.0,4,1,1,10000
298020.0,4,1,1,10000
298022.0,4,2,49,49
298023.0,4,1,1,10000
298044.0,4,1,2,10000
298051.0,8,2,3,3
298052.0,9,2,8,8
298069.0,2,1,1,10000
298089.0,6,2,1,1
298090.0,4,1,1,10000
298091.0,6,2,1,1
298093.0,3,1,1,10000
298101.0,4,1,1,10000
298102.0,2,1,1,10000
298105.0,4,1,1,10000
298119.0,3,1,1,10000
298120.0,4,1,1,10000
298137.0,4,1,1,10000
298140.0,4,1,2,10000
298142.0,4,1,1,10000
298155.0,11,2,19,19
298156.0,4,1,1,10000
298157.0,4,1,1,10000
298158.0,4,1,1,10000
298168.0,4,1,1,10000
298169.0,3,1,1,10000
298170.0,3,1,1,10000
298178.0,4,1,1,10000
298182.0,4,1,1,10000
298183.0,4,1,1,10000
298190.0,4,1,1,10000
298197.0,6,2,1,1
298198.0,4,1,1,10000
298237.0,4,1,1,10000
298244.0,4,1,1,10000
298246.0,4,1,1,10000
298247.0,4,1,1,10000
298249.0,4,1,1,10000
298250.0,4,1,1,10000
298269.0,4,1,1,10000
298270.0,4,1,1,10000
298271.0,12,3,23,1
298272.0,3,1,1,10000
298287.0,4,1,1,10000
298289.0,2,1,1,10000
298290.0,4,1,1,10000
298291.0,6,2,1,1
298298.0,4,1,1,10000
298299.0,4,1,1,10000
298308.0,8,2,6,6
298309.0,4,1,1,10000
298314.0,3,1,1,10000
298318.0,2,1,1,10000
298319.0,4,1,1,10000
298323.0,4,1,1,10000
298326.0,4,1,1,10000
298327.0,4,1,1,10000
298335.0,3,1,1,10000
298336.0,4,1,1,10000
298337.0,4,1,5,10000
298340.0,4,1,1,10000
298359.0,10,3,1,1
298360.0,9,2,4,4
298361.0,8,2,1,1
298364.0,3,1,1,10000
298368.0,4,1,1,10000
298379.0,4,1,1,10000
298415.0,4,1,1,10000
298440.0,4,1,1,10000
298441.0,4,1,1,10000
298442.0,4,1,1,10000
298443.0,4,1,1,10000
298444.0,4,1,1,10000
298445.0,4,1,1,10000
298459.0,2,1,1,10000
298472.0,8,2,20,20
298510.0,3,1,1,10000
298511.0,4,1,1,10000
298517.0,4,1,1,10000
298547.0,4,1,1,10000
298559.0,4,1,1,10000
298560.0,2,1,1,10000
298561.0,4,1,1,10000
298562.0,4,1,1,10000
298574.0,4,1,1,10000
298581.0,8,2,1,1
298590.0,4,1,1,10000
298591.0,2,1,1,10000
298622.0,7,2,17,17
298624.0,8,2,1,1
298634.0,4,1,1,10000
298635.0,4,1,1,10000
298636.0,4,1,1,10000
298637.0,4,1,1,10000
298638.0,4,1,1,10000
298639.0,4,1,1,10000
298659.0,4,1,1,10000
298660.0,4,1,1,10000
298664.0,4,1,1,10000
298665.0,3,1,1,10000
298674.0,2,1,1,10000
298677.0,4,2,1,1
298688.0,4,1,1,10000
298690.0,4,1,3,10000
298691.0,4,1,1,10000
298692.0,4,1,1,10000
298709.0,4,1,1,10000
298710.0,2,1,1,10000
298713.0,4,1,1,10000
298714.0,4,1,1,10000
298717.0,3,1,1,10000
298732.0,3,1,1,10000
298736.0,4,1,1,10000
298737.0,3,1,1,10000
298738.0,4,1,1,10000
298739.0,3,1,1,10000
298740.0,3,1,1,10000
298746.0,7,2,2,2
298747.0,4,1,1,10000
298748.0,4,1,1,10000
298749.0,4,1,1,10000
298778.0,4,1,1,10000
298780.0,3,1,1,10000
298788.0,2,1,1,10000
298789.0,8,2,15,15
298790.0,4,1,1,10000
298792.0,3,1,1,10000
298793.0,4,1,1,10000
298804.0,4,1,1,10000
298816.0,4,1,1,10000
298818.0,4,1,1,10000
298820.0,4,1,1,10000
298827.0,3,1,1,10000
298828.0,8,2,2,2
298851.0,3,1,1,10000
298857.0,2,1,1,10000
298858.0,4,1,1,10000
298859.0,4,1,1,10000
298861.0,4,1,1,10000
298862.0,4,1,1,10000
298873.0,4,1,1,10000
298883.0,7,2,1,1
298884.0,7,2,1,1
298886.0,7,2,2,2
298888.0,3,1,1,10000
298889.0,4,1,1,10000
298891.0,4,1,1,10000
298892.0,3,1,1,10000
298907.0,4,1,1,10000
298908.0,4,1,1,10000
298913.0,8,2,17,17
298914.0,4,1,1,10000
298915.0,4,1,1,10000
298916.0,4,1,1,10000
298933.0,3,1,3,10000
298940.0,3,1,1,10000
298941.0,10,2,3,3
298942.0,9,2,4,4
298943.0,3,1,1,10000
298944.0,7,2,15,15
298946.0,4,1,1,10000
298947.0,4,1,1,10000
298956.0,2,1,1,10000
298957.0,4,1,1,10000
298958.0,2,1,1,10000
298959.0,4,1,1,10000
298960.0,4,1,1,10000
298978.0,2,1,1,10000
298979.0,4,1,1,10000
298990.0,4,1,1,10000
298993.0,55,12,17,5
298994.0,7,2,13,13
299020.0,2,1,1,10000
299026.0,3,1,3,10000
299027.0,4,1,1,10000
299039.0,4,1,1,10000
299040.0,4,1,1,10000
299042.0,4,1,1,10000
299071.0,4,1,1,10000
299083.0,3,1,1,10000
299089.0,4,1,1,10000
299090.0,4,1,1,10000
299091.0,3,1,1,10000
299092.0,4,1,1,10000
299093.0,4,1,1,10000
299094.0,4,1,1,10000
299115.0,8,2,19,19
299130.0,4,1,1,10000
299135.0,4,1,1,10000
299150.0,4,1,1,10000
299152.0,2,1,1,10000
299153.0,4,1,1,10000
299154.0,4,1,1,10000
299155.0,10,2,29,29
299171.0,9,2,20,20
299173.0,4,1,1,10000
299174.0,2,1,2,10000
299185.0,9,2,8,8
299186.0,9,3,10,1
299187.0,4,1,1,10000
299192.0,9,2,8,8
299193.0,12,3,7,1
299194.0,9,2,4,4
299212.0,2,1,1,10000
299213.0,4,1,1,10000
299214.0,2,1,1,10000
299230.0,4,1,1,10000
299236.0,3,1,1,10000
299245.0,8,2,27,27
299246.0,2,1,1,10000
299248.0,13,3,19,12
299249.0,13,3,15,1
299250.0,6,2,18,18
299251.0,13,3,12,12
299253.0,4,1,1,10000
299255.0,7,3,19,18
299256.0,3,1,1,10000
299264.0,6,2,1,1
299275.0,6,2,1,1
299276.0,4,1,1,10000
299280.0,14,3,22,1
299281.0,4,1,1,10000
299282.0,4,1,2,10000
299283.0,4,1,1,10000
299285.0,4,1,1,10000
299315.0,2,1,1,10000
299316.0,4,1,1,10000
299319.0,4,1,1,10000
299326.0,4,1,1,10000
299329.0,6,2,1,1
299330.0,2,1,1,10000
299335.0,5,2,1,1
299336.0,3,1,1,10000
299338.0,5,2,1,1
299351.0,7,2,1,1
299352.0,13,3,15,1
299373.0,4,1,6,10000
299385.0,3,1,1,10000
299393.0,8,2,29,29
299394.0,4,1,1,10000
299404.0,7,2,5,5
299428.0,4,1,1,10000
299429.0,3,1,1,10000
299434.0,4,1,1,10000
299449.0,4,1,1,10000
299450.0,4,1,1,10000
299452.0,2,1,1,10000
299475.0,2,1,1,10000
299490.0,2,1,2,10000
299492.0,7,2,9,9
299493.0,11,2,9,9
299494.0,4,1,1,10000
299495.0,4,1,1,10000
299497.0,4,1,1,10000
299498.0,2,1,1,10000
299499.0,4,1,1,10000
299505.0,4,1,1,10000
299511.0,10,2,27,27
299512.0,6,2,20,20
299513.0,4,1,1,10000
299521.0,8,2,38,38
299522.0,4,1,1,10000
299523.0,4,1,1,10000
299526.0,6,2,10,10
299527.0,4,1,2,10000
299528.0,4,1,1,10000
299534.0,7,2,1,1
299535.0,4,1,1,10000
299537.0,4,1,1,10000
299540.0,11,3,10,4
299541.0,3,1,1,10000
299545.0,7,2,15,15
299567.0,4,1,1,10000
299568.0,4,2,1,1
299569.0,7,2,5,5
299572.0,10,2,24,24
299573.0,4,1,1,10000
299574.0,6,2,39,39
299575.0,7,2,41,41
299576.0,4,1,1,10000
299583.0,4,1,2,10000
299586.0,3,1,1,10000
299617.0,6,2,1,1
299618.0,6,2,1,1
299631.0,2,1,1,10000
299640.0,5,2,2,2
299645.0,7,2,1,1
299647.0,8,2,26,26
299648.0,4,1,1,10000
299649.0,4,1,1,10000
299650.0,4,1,1,10000
299652.0,3,1,1,10000
299661.0,4,1,1,10000
299665.0,9,2,3,3
299676.0,8,2,8,8
299684.0,4,1,1,10000
299695.0,4,1,1,10000
299696.0,4,1,1,10000
299701.0,4,1,1,10000
299702.0,4,1,1,10000
299706.0,3,1,1,10000
299709.0,4,1,1,10000
299710.0,10,2,3,3
299712.0,4,1,1,10000
299745.0,4,1,2,10000
299759.0,4,1,1,10000
299760.0,4,1,2,10000
299761.0,4,1,1,10000
299768.0,4,1,1,10000
299769.0,4,1,1,10000
299777.0,4,1,1,10000
299784.0,4,1,1,10000
299785.0,4,1,1,10000
299786.0,4,1,2,10000
299788.0,4,1,1,10000
299791.0,4,1,1,10000
299810.0,4,1,1,10000
299811.0,4,1,1,10000
299812.0,4,1,1,10000
299827.0,5,2,1,1
299828.0,8,3,1,1
299829.0,9,3,1,1
299831.0,5,2,1,1
299834.0,2,1,1,10000
299835.0,4,1,1,10000
299840.0,9,2,5,5
299842.0,7,2,1,1
299847.0,8,3,1,1
299859.0,2,1,1,10000
299861.0,4,1,1,10000
299862.0,4,1,3,10000
299863.0,4,1,4,10000
299886.0,12,3,32,1
299887.0,17,3,7,1
299888.0,4,1,1,10000
299890.0,4,1,1,10000
299894.0,3,1,1,10000
299896.0,2,1,1,10000
299897.0,4,1,1,10000
299899.0,4,1,1,10000
299935.0,2,1,1,10000
299940.0,4,1,2,10000
299941.0,4,1,1,10000
299950.0,4,1,3,10000
299959.0,4,1,1,10000
299961.0,2,1,1,10000
299962.0,4,1,1,10000
299963.0,4,1,1,10000
299964.0,7,2,9,9
299965.0,4,1,2,10000
299989.0,4,1,1,10000
299997.0,4,1,1,10000
299998.0,4,1,1,10000
299999.0,4,1,1,10000
300001.0,4,1,1,10000
300011.0,7,2,13,13
300012.0,9,2,17,17
300023.0,4,1,1,10000
300024.0,4,1,1,10000
300036.0,11,3,19,1
300038.0,11,2,33,33
300041.0,12,3,19,1
300061.0,9,2,17,17
300066.0,9,2,2,2
300068.0,8,2,2,2
300078.0,4,1,1,10000
300079.0,4,1,1,10000
300083.0,6,2,1,1
300084.0,4,1,1,10000
300086.0,2,1,1,10000
300088.0,4,1,1,10000
300091.0,4,1,1,10000
300093.0,8,2,1,1
300117.0,8,2,1,1
300118.0,8,2,20,20
300119.0,4,1,1,10000
300120.0,10,3,1,1
300121.0,12,3,1,1
300122.0,10,3,1,1
300124.0,3,1,1,10000
300132.0,8,2,7,7
300133.0,4,1,1,10000
300136.0,3,1,1,10000
300142.0,8,2,19,19
300143.0,4,1,1,10000
300144.0,4,1,2,10000
300145.0,4,1,1,10000
300147.0,4,1,1,10000
300149.0,4,1,1,10000
300156.0,3,1,3,10000
300157.0,4,1,1,10000
300173.0,6,2,1,1
300174.0,4,1,1,10000
300175.0,8,2,2,2
300196.0,8,2,30,30
300197.0,4,1,2,10000
300198.0,9,2,34,34
300199.0,4,1,1,10000
300200.0,4,1,3,10000
300212.0,4,1,1,10000
300213.0,2,1,1,10000
300228.0,6,2,2,2
300229.0,4,1,1,10000
300230.0,8,2,23,23
300231.0,6,2,1,1
300232.0,4,1,1,10000
300247.0,8,2,1,1
300248.0,7,2,2,2
300254.0,4,1,1,10000
300255.0,4,1,1,10000
300257.0,7,2,2,2
300258.0,4,1,1,10000
300268.0,4,1,1,10000
300269.0,11,3,9,1
300275.0,4,1,1,10000
300276.0,4,1,1,10000
300277.0,4,1,2,10000
300278.0,4,1,1,10000
300292.0,7,2,1,1
300294.0,4,1,1,10000
300295.0,4,1,1,10000
300307.0,4,1,1,10000
300309.0,2,1,1,10000
300310.0,8,2,1,1
300311.0,6,2,1,1
300312.0,7,2,38,38
300313.0,11,3,22,1
300315.0,4,1,1,10000
300316.0,4,1,1,10000
300318.0,3,1,1,10000
300333.0,7,2,1,1
300347.0,5,2,1,1
300348.0,4,1,1,10000
300349.0,4,1,1,10000
300350.0,8,2,1,1
300366.0,3,1,1,10000
300367.0,4,1,1,10000
300369.0,4,1,1,10000
300420.0,4,1,1,10000
300422.0,9,2,2,2
300451.0,9,2,7,7
300452.0,4,1,1,10000
300456.0,8,2,1,1
300457.0,5,2,1,1
300476.0,4,1,1,10000
300477.0,4,1,1,10000
300481.0,4,1,1,10000
300487.0,17,3,27,22
300488.0,8,2,6,6
300500.0,8,2,41,41
300501.0,4,1,1,10000
300502.0,8,2,3,3
300503.0,4,1,1,10000
300538.0,5,2,1,1
300539.0,14,3,5,1
300541.0,4,1,1,10000
300557.0,8,2,1,1
300558.0,4,1,1,10000
300559.0,4,1,1,10000
300560.0,6,2,2,2
300561.0,4,1,1,10000
300563.0,9,2,30,30
310726.0,4,1,1,10000
310791.0,4,1,1,10000
310996.0,4,1,1,10000
311008.0,4,1,1,10000
311077.0,3,1,1,10000
311079.0,3,1,1,10000
311080.0,4,1,1,10000
311081.0,4,1,1,10000
311152.0,4,1,1,10000
311153.0,2,1,1,10000
311187.0,4,1,1,10000
311261.0,4,1,1,10000
311262.0,4,1,1,10000
311336.0,3,1,1,10000
311376.0,4,1,1,10000
311377.0,17,3,8,1
311379.0,17,3,8,1
311380.0,4,1,1,10000
311381.0,3,1,2,10000
311436.0,3,1,1,10000
311537.0,4,1,1,10000
311538.0,2,1,1,10000
311540.0,4,1,1,10000
311574.0,4,1,1,10000
311575.0,2,1,1,10000
311576.0,4,1,1,10000
311647.0,4,1,1,10000
311656.0,4,1,1,10000
311657.0,4,1,1,10000
311701.0,2,1,1,10000
311721.0,4,1,1,10000
311778.0,4,1,1,10000
311812.0,4,1,1,10000
311859.0,3,1,1,10000
311860.0,4,1,2,10000
311861.0,4,1,1,10000
311886.0,2,1,1,10000
311925.0,4,1,1,10000
311967.0,4,1,1,10000
311969.0,4,1,1,10000
311990.0,4,1,1,10000
312005.0,4,1,1,10000
312060.0,4,1,1,10000
312061.0,4,1,1,10000
312074.0,4,1,1,10000
312118.0,11,2,6,6
312119.0,4,1,1,10000
312121.0,3,1,1,10000
312139.0,4,1,1,10000
312143.0,4,1,1,10000
312255.0,9,2,4,4
312256.0,4,1,1,10000
312257.0,78,15,11,3
312258.0,9,2,4,4
312259.0,4,1,1,10000
312260.0,8,2,20,20
312323.0,2,1,1,10000
312330.0,8,2,16,16
312331.0,4,1,1,10000
312332.0,4,1,1,10000
312333.0,4,1,1,10000
312381.0,4,1,1,10000
312395.0,4,1,1,10000
312396.0,4,1,1,10000
312399.0,9,2,4,4
312400.0,8,2,1,1
312401.0,14,4,9,5
312402.0,15,3,5,1
312403.0,6,2,1,1
312541.0,7,2,2,2
312542.0,4,1,1,10000
312586.0,3,1,1,10000
312587.0,7,2,10,10
312621.0,4,1,1,10000
312623.0,4,1,1,10000
312711.0,8,2,6,6
312712.0,8,2,11,11
312727.0,8,2,1,1
312728.0,8,2,1,1
312729.0,4,1,1,10000
312784.0,2,1,1,10000
312785.0,8,2,1,1
312788.0,11,3,14,1
312789.0,4,1,1,10000
312818.0,7,2,2,2
312819.0,7,2,1,1
312820.0,4,1,1,10000
312827.0,4,1,1,10000
312895.0,10,2,11,11
312896.0,4,1,1,10000
312897.0,4,1,1,10000
312933.0,4,1,1,10000
312934.0,11,2,11,11
312935.0,4,1,1,10000
312937.0,8,3,23,3
313020.0,4,1,1,10000
313033.0,4,1,1,10000
313083.0,7,2,2,2
313084.0,4,1,1,10000
313086.0,4,1,1,10000
313087.0,10,3,1,1
313089.0,8,2,9,9
313091.0,3,1,1,10000
313092.0,4,1,1,10000
313111.0,2,1,1,10000
313112.0,2,1,1,10000
313113.0,4,1,1,10000
313114.0,4,1,1,10000
313115.0,4,2,1,1
313116.0,4,1,5,10000
313118.0,4,2,1,1
313136.0,4,1,1,10000
313144.0,2,1,1,10000
313157.0,4,1,1,10000
313158.0,4,1,1,10000
313170.0,14,3,25,15
313171.0,14,3,25,1
313200.0,4,1,1,10000
313201.0,4,1,1,10000
313202.0,4,1,1,10000
313204.0,7,2,14,14
313205.0,4,1,1,10000
313252.0,4,1,1,10000
313253.0,4,1,1,10000
313254.0,9,3,1,1
313255.0,4,1,2,10000
313256.0,9,2,53,53
313278.0,10,3,1,1
313282.0,4,1,1,10000
313313.0,4,1,1,10000
313314.0,2,1,1,10000
313315.0,4,1,1,10000
313316.0,4,1,1,10000
313357.0,10,2,5,5
313358.0,4,1,1,10000
313379.0,4,1,1,10000
313443.0,4,1,1,10000
313516.0,4,1,1,10000
313517.0,4,1,1,10000
313587.0,4,1,1,10000
313588.0,4,1,1,10000
313589.0,4,1,1,10000
313590.0,4,1,1,10000
313649.0,11,2,34,34
313650.0,4,1,1,10000
313651.0,4,1,3,10000
313652.0,4,1,1,10000
313653.0,2,1,1,10000
313655.0,4,1,1,10000
313657.0,4,1,1,10000
313749.0,4,1,1,10000
313760.0,4,1,1,10000
313804.0,4,1,1,10000
313805.0,4,1,1,10000
313806.0,4,1,1,10000
313807.0,3,1,1,10000
313808.0,4,1,1,10000
313824.0,8,2,1,1
313827.0,4,1,1,10000
313891.0,4,1,1,10000
313936.0,4,1,1,10000
313937.0,4,1,2,10000
313999.0,8,2,20,20
314002.0,4,1,1,10000
314078.0,2,1,1,10000
314079.0,2,1,1,10000
314133.0,4,1,1,10000
314134.0,4,1,1,10000
314135.0,4,1,1,10000
314151.0,4,1,1,10000
314190.0,4,1,1,10000
314191.0,4,1,2,10000
314192.0,3,1,1,10000
314218.0,4,1,1,10000
314219.0,4,1,1,10000
314287.0,3,1,1,10000
314288.0,4,1,1,10000
314334.0,6,2,1,1
314335.0,4,1,1,10000
314336.0,14,3,28,19
314340.0,4,1,2,10000
314360.0,4,1,1,10000
314362.0,4,1,1,10000
314364.0,4,1,1,10000
314411.0,4,1,1,10000
314472.0,4,1,1,10000
314473.0,10,2,27,27
314478.0,7,2,1,1
